# 960 3 2.1 0 0 0 
# 1 1 0 54.019999999999996 49.903999999999996 50.0
1 0.799765927 2.318233935 26.629580670 32.064000000
1 0.799765927 2.318233935 23.510581189 32.064000000
0 4.400765998 2.318233935 25.070080929 95.940000000
0 1.699765903 3.877233951 25.070080929 95.940000000
1 3.500765902 3.877233951 26.629580670 32.064000000
1 3.500765902 3.877233951 23.510581189 32.064000000
0 1.699765903 0.758233951 25.070080929 95.940000000
1 3.500765902 0.758233951 26.629580670 32.064000000
1 3.500765902 0.758233951 23.510581189 32.064000000
1 6.201765927 2.318233935 26.629580670 32.064000000
1 6.201765927 2.318233935 23.510581189 32.064000000
0 9.802765998 2.318233935 25.070080929 95.940000000
0 7.101765903 3.877233951 25.070080929 95.940000000
1 8.902765902 3.877233951 26.629580670 32.064000000
1 8.902765902 3.877233951 23.510581189 32.064000000
0 7.101765903 0.758233951 25.070080929 95.940000000
1 8.902765902 0.758233951 26.629580670 32.064000000
1 8.902765902 0.758233951 23.510581189 32.064000000
1 11.603765927 2.318233935 26.629580670 32.064000000
1 11.603765927 2.318233935 23.510581189 32.064000000
0 15.204765998 2.318233935 25.070080929 95.940000000
0 12.503765903 3.877233951 25.070080929 95.940000000
1 14.304765902 3.877233951 26.629580670 32.064000000
1 14.304765902 3.877233951 23.510581189 32.064000000
0 12.503765903 0.758233951 25.070080929 95.940000000
1 14.304765902 0.758233951 26.629580670 32.064000000
1 14.304765902 0.758233951 23.510581189 32.064000000
1 17.005765927 2.318233935 26.629580670 32.064000000
1 17.005765927 2.318233935 23.510581189 32.064000000
0 20.606765998 2.318233935 25.070080929 95.940000000
0 17.905765903 3.877233951 25.070080929 95.940000000
1 19.706765902 3.877233951 26.629580670 32.064000000
1 19.706765902 3.877233951 23.510581189 32.064000000
0 17.905765903 0.758233951 25.070080929 95.940000000
1 19.706765902 0.758233951 26.629580670 32.064000000
1 19.706765902 0.758233951 23.510581189 32.064000000
1 22.407765927 2.318233935 26.629580670 32.064000000
1 22.407765927 2.318233935 23.510581189 32.064000000
0 26.008765998 2.318233935 25.070080929 95.940000000
0 23.307765903 3.877233951 25.070080929 95.940000000
1 25.108765902 3.877233951 26.629580670 32.064000000
1 25.108765902 3.877233951 23.510581189 32.064000000
0 23.307765903 0.758233951 25.070080929 95.940000000
1 25.108765902 0.758233951 26.629580670 32.064000000
1 25.108765902 0.758233951 23.510581189 32.064000000
1 27.809765927 2.318233935 26.629580670 32.064000000
1 27.809765927 2.318233935 23.510581189 32.064000000
0 31.410765998 2.318233935 25.070080929 95.940000000
0 28.709765903 3.877233951 25.070080929 95.940000000
1 30.510765902 3.877233951 26.629580670 32.064000000
1 30.510765902 3.877233951 23.510581189 32.064000000
0 28.709765903 0.758233951 25.070080929 95.940000000
1 30.510765902 0.758233951 26.629580670 32.064000000
1 30.510765902 0.758233951 23.510581189 32.064000000
1 33.211765927 2.318233935 26.629580670 32.064000000
1 33.211765927 2.318233935 23.510581189 32.064000000
0 36.812765998 2.318233935 25.070080929 95.940000000
0 34.111765903 3.877233951 25.070080929 95.940000000
1 35.912765902 3.877233951 26.629580670 32.064000000
1 35.912765902 3.877233951 23.510581189 32.064000000
0 34.111765903 0.758233951 25.070080929 95.940000000
1 35.912765902 0.758233951 26.629580670 32.064000000
1 35.912765902 0.758233951 23.510581189 32.064000000
1 38.613765927 2.318233935 26.629580670 32.064000000
1 38.613765927 2.318233935 23.510581189 32.064000000
0 42.214765998 2.318233935 25.070080929 95.940000000
0 39.513765903 3.877233951 25.070080929 95.940000000
1 41.314765902 3.877233951 26.629580670 32.064000000
1 41.314765902 3.877233951 23.510581189 32.064000000
0 39.513765903 0.758233951 25.070080929 95.940000000
1 41.314765902 0.758233951 26.629580670 32.064000000
1 41.314765902 0.758233951 23.510581189 32.064000000
1 44.015765927 2.318233935 26.629580670 32.064000000
1 44.015765927 2.318233935 23.510581189 32.064000000
0 47.616765998 2.318233935 25.070080929 95.940000000
0 44.915765903 3.877233951 25.070080929 95.940000000
1 46.716765902 3.877233951 26.629580670 32.064000000
1 46.716765902 3.877233951 23.510581189 32.064000000
0 44.915765903 0.758233951 25.070080929 95.940000000
1 46.716765902 0.758233951 26.629580670 32.064000000
1 46.716765902 0.758233951 23.510581189 32.064000000
1 49.417765927 2.318233935 26.629580670 32.064000000
1 49.417765927 2.318233935 23.510581189 32.064000000
0 53.018765998 2.318233935 25.070080929 95.940000000
0 50.317765903 3.877233951 25.070080929 95.940000000
1 52.118765902 3.877233951 26.629580670 32.064000000
1 52.118765902 3.877233951 23.510581189 32.064000000
0 50.317765903 0.758233951 25.070080929 95.940000000
1 52.118765902 0.758233951 26.629580670 32.064000000
1 52.118765902 0.758233951 23.510581189 32.064000000
1 0.799765927 5.437233935 26.629580670 32.064000000
1 0.799765927 5.437233935 23.510581189 32.064000000
0 4.400765998 5.437233935 25.070080929 95.940000000
0 1.699765903 6.996233951 25.070080929 95.940000000
1 3.500765902 6.996233951 26.629580670 32.064000000
1 3.500765902 6.996233951 23.510581189 32.064000000
1 6.201765927 5.437233935 26.629580670 32.064000000
1 6.201765927 5.437233935 23.510581189 32.064000000
0 9.802765998 5.437233935 25.070080929 95.940000000
0 7.101765903 6.996233951 25.070080929 95.940000000
1 8.902765902 6.996233951 26.629580670 32.064000000
1 8.902765902 6.996233951 23.510581189 32.064000000
1 11.603765927 5.437233935 26.629580670 32.064000000
1 11.603765927 5.437233935 23.510581189 32.064000000
0 15.204765998 5.437233935 25.070080929 95.940000000
0 12.503765903 6.996233951 25.070080929 95.940000000
1 14.304765902 6.996233951 26.629580670 32.064000000
1 14.304765902 6.996233951 23.510581189 32.064000000
1 17.005765927 5.437233935 26.629580670 32.064000000
1 17.005765927 5.437233935 23.510581189 32.064000000
0 20.606765998 5.437233935 25.070080929 95.940000000
0 17.905765903 6.996233951 25.070080929 95.940000000
1 19.706765902 6.996233951 26.629580670 32.064000000
1 19.706765902 6.996233951 23.510581189 32.064000000
1 22.407765927 5.437233935 26.629580670 32.064000000
1 22.407765927 5.437233935 23.510581189 32.064000000
0 26.008765998 5.437233935 25.070080929 95.940000000
0 23.307765903 6.996233951 25.070080929 95.940000000
1 25.108765902 6.996233951 26.629580670 32.064000000
1 25.108765902 6.996233951 23.510581189 32.064000000
1 27.809765927 5.437233935 26.629580670 32.064000000
1 27.809765927 5.437233935 23.510581189 32.064000000
0 31.410765998 5.437233935 25.070080929 95.940000000
0 28.709765903 6.996233951 25.070080929 95.940000000
1 30.510765902 6.996233951 26.629580670 32.064000000
1 30.510765902 6.996233951 23.510581189 32.064000000
1 33.211765927 5.437233935 26.629580670 32.064000000
1 33.211765927 5.437233935 23.510581189 32.064000000
0 36.812765998 5.437233935 25.070080929 95.940000000
0 34.111765903 6.996233951 25.070080929 95.940000000
1 35.912765902 6.996233951 26.629580670 32.064000000
1 35.912765902 6.996233951 23.510581189 32.064000000
1 38.613765927 5.437233935 26.629580670 32.064000000
1 38.613765927 5.437233935 23.510581189 32.064000000
0 42.214765998 5.437233935 25.070080929 95.940000000
0 39.513765903 6.996233951 25.070080929 95.940000000
1 41.314765902 6.996233951 26.629580670 32.064000000
1 41.314765902 6.996233951 23.510581189 32.064000000
1 44.015765927 5.437233935 26.629580670 32.064000000
1 44.015765927 5.437233935 23.510581189 32.064000000
0 47.616765998 5.437233935 25.070080929 95.940000000
0 44.915765903 6.996233951 25.070080929 95.940000000
1 46.716765902 6.996233951 26.629580670 32.064000000
1 46.716765902 6.996233951 23.510581189 32.064000000
1 49.417765927 5.437233935 26.629580670 32.064000000
1 49.417765927 5.437233935 23.510581189 32.064000000
0 53.018765998 5.437233935 25.070080929 95.940000000
0 50.317765903 6.996233951 25.070080929 95.940000000
1 52.118765902 6.996233951 26.629580670 32.064000000
1 52.118765902 6.996233951 23.510581189 32.064000000
1 0.799765927 8.556233935 26.629580670 32.064000000
1 0.799765927 8.556233935 23.510581189 32.064000000
0 4.400765998 8.556233935 25.070080929 95.940000000
0 1.699765903 10.115233951 25.070080929 95.940000000
1 3.500765902 10.115233951 26.629580670 32.064000000
1 3.500765902 10.115233951 23.510581189 32.064000000
1 6.201765927 8.556233935 26.629580670 32.064000000
1 6.201765927 8.556233935 23.510581189 32.064000000
0 9.802765998 8.556233935 25.070080929 95.940000000
0 7.101765903 10.115233951 25.070080929 95.940000000
1 8.902765902 10.115233951 26.629580670 32.064000000
1 8.902765902 10.115233951 23.510581189 32.064000000
1 11.603765927 8.556233935 26.629580670 32.064000000
1 11.603765927 8.556233935 23.510581189 32.064000000
0 15.204765998 8.556233935 25.070080929 95.940000000
0 12.503765903 10.115233951 25.070080929 95.940000000
1 14.304765902 10.115233951 26.629580670 32.064000000
1 14.304765902 10.115233951 23.510581189 32.064000000
1 17.005765927 8.556233935 26.629580670 32.064000000
1 17.005765927 8.556233935 23.510581189 32.064000000
0 20.606765998 8.556233935 25.070080929 95.940000000
0 17.905765903 10.115233951 25.070080929 95.940000000
1 19.706765902 10.115233951 26.629580670 32.064000000
1 19.706765902 10.115233951 23.510581189 32.064000000
1 22.407765927 8.556233935 26.629580670 32.064000000
1 22.407765927 8.556233935 23.510581189 32.064000000
0 26.008765998 8.556233935 25.070080929 95.940000000
0 23.307765903 10.115233951 25.070080929 95.940000000
1 25.108765902 10.115233951 26.629580670 32.064000000
1 25.108765902 10.115233951 23.510581189 32.064000000
1 27.809765927 8.556233935 26.629580670 32.064000000
1 27.809765927 8.556233935 23.510581189 32.064000000
0 31.410765998 8.556233935 25.070080929 95.940000000
0 28.709765903 10.115233951 25.070080929 95.940000000
1 30.510765902 10.115233951 26.629580670 32.064000000
1 30.510765902 10.115233951 23.510581189 32.064000000
1 33.211765927 8.556233935 26.629580670 32.064000000
1 33.211765927 8.556233935 23.510581189 32.064000000
0 36.812765998 8.556233935 25.070080929 95.940000000
0 34.111765903 10.115233951 25.070080929 95.940000000
1 35.912765902 10.115233951 26.629580670 32.064000000
1 35.912765902 10.115233951 23.510581189 32.064000000
1 38.613765927 8.556233935 26.629580670 32.064000000
1 38.613765927 8.556233935 23.510581189 32.064000000
0 42.214765998 8.556233935 25.070080929 95.940000000
0 39.513765903 10.115233951 25.070080929 95.940000000
1 41.314765902 10.115233951 26.629580670 32.064000000
1 41.314765902 10.115233951 23.510581189 32.064000000
1 44.015765927 8.556233935 26.629580670 32.064000000
1 44.015765927 8.556233935 23.510581189 32.064000000
0 47.616765998 8.556233935 25.070080929 95.940000000
0 44.915765903 10.115233951 25.070080929 95.940000000
1 46.716765902 10.115233951 26.629580670 32.064000000
1 46.716765902 10.115233951 23.510581189 32.064000000
1 49.417765927 8.556233935 26.629580670 32.064000000
1 49.417765927 8.556233935 23.510581189 32.064000000
0 53.018765998 8.556233935 25.070080929 95.940000000
0 50.317765903 10.115233951 25.070080929 95.940000000
1 52.118765902 10.115233951 26.629580670 32.064000000
1 52.118765902 10.115233951 23.510581189 32.064000000
1 0.799765927 11.675233935 26.629580670 32.064000000
1 0.799765927 11.675233935 23.510581189 32.064000000
0 4.400765998 11.675233935 25.070080929 95.940000000
0 1.699765903 13.234233951 25.070080929 95.940000000
1 3.500765902 13.234233951 26.629580670 32.064000000
1 3.500765902 13.234233951 23.510581189 32.064000000
1 6.201765927 11.675233935 26.629580670 32.064000000
1 6.201765927 11.675233935 23.510581189 32.064000000
0 9.802765998 11.675233935 25.070080929 95.940000000
0 7.101765903 13.234233951 25.070080929 95.940000000
1 8.902765902 13.234233951 26.629580670 32.064000000
1 8.902765902 13.234233951 23.510581189 32.064000000
1 11.603765927 11.675233935 26.629580670 32.064000000
1 11.603765927 11.675233935 23.510581189 32.064000000
0 15.204765998 11.675233935 25.070080929 95.940000000
0 12.503765903 13.234233951 25.070080929 95.940000000
1 14.304765902 13.234233951 26.629580670 32.064000000
1 14.304765902 13.234233951 23.510581189 32.064000000
1 17.005765927 11.675233935 26.629580670 32.064000000
1 17.005765927 11.675233935 23.510581189 32.064000000
0 20.606765998 11.675233935 25.070080929 95.940000000
0 17.905765903 13.234233951 25.070080929 95.940000000
1 19.706765902 13.234233951 26.629580670 32.064000000
1 19.706765902 13.234233951 23.510581189 32.064000000
1 22.407765927 11.675233935 26.629580670 32.064000000
1 22.407765927 11.675233935 23.510581189 32.064000000
0 26.008765998 11.675233935 25.070080929 95.940000000
0 23.307765903 13.234233951 25.070080929 95.940000000
1 25.108765902 13.234233951 26.629580670 32.064000000
1 25.108765902 13.234233951 23.510581189 32.064000000
1 27.809765927 11.675233935 26.629580670 32.064000000
1 27.809765927 11.675233935 23.510581189 32.064000000
0 31.410765998 11.675233935 25.070080929 95.940000000
0 28.709765903 13.234233951 25.070080929 95.940000000
1 30.510765902 13.234233951 26.629580670 32.064000000
1 30.510765902 13.234233951 23.510581189 32.064000000
1 33.211765927 11.675233935 26.629580670 32.064000000
1 33.211765927 11.675233935 23.510581189 32.064000000
0 36.812765998 11.675233935 25.070080929 95.940000000
0 34.111765903 13.234233951 25.070080929 95.940000000
1 35.912765902 13.234233951 26.629580670 32.064000000
1 35.912765902 13.234233951 23.510581189 32.064000000
1 38.613765927 11.675233935 26.629580670 32.064000000
1 38.613765927 11.675233935 23.510581189 32.064000000
0 42.214765998 11.675233935 25.070080929 95.940000000
0 39.513765903 13.234233951 25.070080929 95.940000000
1 41.314765902 13.234233951 26.629580670 32.064000000
1 41.314765902 13.234233951 23.510581189 32.064000000
1 44.015765927 11.675233935 26.629580670 32.064000000
1 44.015765927 11.675233935 23.510581189 32.064000000
0 47.616765998 11.675233935 25.070080929 95.940000000
0 44.915765903 13.234233951 25.070080929 95.940000000
1 46.716765902 13.234233951 26.629580670 32.064000000
1 46.716765902 13.234233951 23.510581189 32.064000000
1 49.417765927 11.675233935 26.629580670 32.064000000
1 49.417765927 11.675233935 23.510581189 32.064000000
0 53.018765998 11.675233935 25.070080929 95.940000000
0 50.317765903 13.234233951 25.070080929 95.940000000
1 52.118765902 13.234233951 26.629580670 32.064000000
1 52.118765902 13.234233951 23.510581189 32.064000000
1 0.799765927 14.794233935 26.629580670 32.064000000
1 0.799765927 14.794233935 23.510581189 32.064000000
0 4.400765998 14.794233935 25.070080929 95.940000000
0 1.699765903 16.353233951 25.070080929 95.940000000
1 3.500765902 16.353233951 26.629580670 32.064000000
1 3.500765902 16.353233951 23.510581189 32.064000000
1 6.201765927 14.794233935 26.629580670 32.064000000
1 6.201765927 14.794233935 23.510581189 32.064000000
0 9.802765998 14.794233935 25.070080929 95.940000000
0 7.101765903 16.353233951 25.070080929 95.940000000
1 8.902765902 16.353233951 26.629580670 32.064000000
1 8.902765902 16.353233951 23.510581189 32.064000000
1 11.603765927 14.794233935 26.629580670 32.064000000
1 11.603765927 14.794233935 23.510581189 32.064000000
0 15.204765998 14.794233935 25.070080929 95.940000000
0 12.503765903 16.353233951 25.070080929 95.940000000
1 14.304765902 16.353233951 26.629580670 32.064000000
1 14.304765902 16.353233951 23.510581189 32.064000000
1 17.005765927 14.794233935 26.629580670 32.064000000
1 17.005765927 14.794233935 23.510581189 32.064000000
0 20.606765998 14.794233935 25.070080929 95.940000000
0 17.905765903 16.353233951 25.070080929 95.940000000
1 19.706765902 16.353233951 26.629580670 32.064000000
1 19.706765902 16.353233951 23.510581189 32.064000000
1 22.407765927 14.794233935 26.629580670 32.064000000
1 22.407765927 14.794233935 23.510581189 32.064000000
0 26.008765998 14.794233935 25.070080929 95.940000000
0 23.307765903 16.353233951 25.070080929 95.940000000
1 25.108765902 16.353233951 26.629580670 32.064000000
1 25.108765902 16.353233951 23.510581189 32.064000000
1 27.809765927 14.794233935 26.629580670 32.064000000
1 27.809765927 14.794233935 23.510581189 32.064000000
0 31.410765998 14.794233935 25.070080929 95.940000000
0 28.709765903 16.353233951 25.070080929 95.940000000
1 30.510765902 16.353233951 26.629580670 32.064000000
1 30.510765902 16.353233951 23.510581189 32.064000000
1 33.211765927 14.794233935 26.629580670 32.064000000
1 33.211765927 14.794233935 23.510581189 32.064000000
0 36.812765998 14.794233935 25.070080929 95.940000000
0 34.111765903 16.353233951 25.070080929 95.940000000
1 35.912765902 16.353233951 26.629580670 32.064000000
1 35.912765902 16.353233951 23.510581189 32.064000000
1 38.613765927 14.794233935 26.629580670 32.064000000
1 38.613765927 14.794233935 23.510581189 32.064000000
0 42.214765998 14.794233935 25.070080929 95.940000000
0 39.513765903 16.353233951 25.070080929 95.940000000
1 41.314765902 16.353233951 26.629580670 32.064000000
1 41.314765902 16.353233951 23.510581189 32.064000000
1 44.015765927 14.794233935 26.629580670 32.064000000
1 44.015765927 14.794233935 23.510581189 32.064000000
0 47.616765998 14.794233935 25.070080929 95.940000000
0 44.915765903 16.353233951 25.070080929 95.940000000
1 46.716765902 16.353233951 26.629580670 32.064000000
1 46.716765902 16.353233951 23.510581189 32.064000000
1 49.417765927 14.794233935 26.629580670 32.064000000
1 49.417765927 14.794233935 23.510581189 32.064000000
0 53.018765998 14.794233935 25.070080929 95.940000000
0 50.317765903 16.353233951 25.070080929 95.940000000
1 52.118765902 16.353233951 26.629580670 32.064000000
1 52.118765902 16.353233951 23.510581189 32.064000000
1 0.799765927 17.913233935 26.629580670 32.064000000
1 0.799765927 17.913233935 23.510581189 32.064000000
0 4.400765998 17.913233935 25.070080929 95.940000000
0 1.699765903 19.472233951 25.070080929 95.940000000
1 3.500765902 19.472233951 26.629580670 32.064000000
1 3.500765902 19.472233951 23.510581189 32.064000000
1 6.201765927 17.913233935 26.629580670 32.064000000
1 6.201765927 17.913233935 23.510581189 32.064000000
0 9.802765998 17.913233935 25.070080929 95.940000000
0 7.101765903 19.472233951 25.070080929 95.940000000
1 8.902765902 19.472233951 26.629580670 32.064000000
1 8.902765902 19.472233951 23.510581189 32.064000000
1 11.603765927 17.913233935 26.629580670 32.064000000
1 11.603765927 17.913233935 23.510581189 32.064000000
0 15.204765998 17.913233935 25.070080929 95.940000000
0 12.503765903 19.472233951 25.070080929 95.940000000
1 14.304765902 19.472233951 26.629580670 32.064000000
1 14.304765902 19.472233951 23.510581189 32.064000000
1 17.005765927 17.913233935 26.629580670 32.064000000
1 17.005765927 17.913233935 23.510581189 32.064000000
0 20.606765998 17.913233935 25.070080929 95.940000000
0 17.905765903 19.472233951 25.070080929 95.940000000
1 19.706765902 19.472233951 26.629580670 32.064000000
1 19.706765902 19.472233951 23.510581189 32.064000000
1 22.407765927 17.913233935 26.629580670 32.064000000
1 22.407765927 17.913233935 23.510581189 32.064000000
0 26.008765998 17.913233935 25.070080929 95.940000000
0 23.307765903 19.472233951 25.070080929 95.940000000
1 25.108765902 19.472233951 26.629580670 32.064000000
1 25.108765902 19.472233951 23.510581189 32.064000000
1 27.809765927 17.913233935 26.629580670 32.064000000
1 27.809765927 17.913233935 23.510581189 32.064000000
0 31.410765998 17.913233935 25.070080929 95.940000000
0 28.709765903 19.472233951 25.070080929 95.940000000
1 30.510765902 19.472233951 26.629580670 32.064000000
1 30.510765902 19.472233951 23.510581189 32.064000000
1 33.211765927 17.913233935 26.629580670 32.064000000
1 33.211765927 17.913233935 23.510581189 32.064000000
0 36.812765998 17.913233935 25.070080929 95.940000000
0 34.111765903 19.472233951 25.070080929 95.940000000
1 35.912765902 19.472233951 26.629580670 32.064000000
1 35.912765902 19.472233951 23.510581189 32.064000000
1 38.613765927 17.913233935 26.629580670 32.064000000
1 38.613765927 17.913233935 23.510581189 32.064000000
0 42.214765998 17.913233935 25.070080929 95.940000000
0 39.513765903 19.472233951 25.070080929 95.940000000
1 41.314765902 19.472233951 26.629580670 32.064000000
1 41.314765902 19.472233951 23.510581189 32.064000000
1 44.015765927 17.913233935 26.629580670 32.064000000
1 44.015765927 17.913233935 23.510581189 32.064000000
0 47.616765998 17.913233935 25.070080929 95.940000000
0 44.915765903 19.472233951 25.070080929 95.940000000
1 46.716765902 19.472233951 26.629580670 32.064000000
1 46.716765902 19.472233951 23.510581189 32.064000000
1 49.417765927 17.913233935 26.629580670 32.064000000
1 49.417765927 17.913233935 23.510581189 32.064000000
0 53.018765998 17.913233935 25.070080929 95.940000000
0 50.317765903 19.472233951 25.070080929 95.940000000
1 52.118765902 19.472233951 26.629580670 32.064000000
1 52.118765902 19.472233951 23.510581189 32.064000000
1 0.799765927 21.032233935 26.629580670 32.064000000
1 0.799765927 21.032233935 23.510581189 32.064000000
0 4.400765998 21.032233935 25.070080929 95.940000000
0 1.699765903 22.591233951 25.070080929 95.940000000
1 3.500765902 22.591233951 26.629580670 32.064000000
1 3.500765902 22.591233951 23.510581189 32.064000000
1 6.201765927 21.032233935 26.629580670 32.064000000
1 6.201765927 21.032233935 23.510581189 32.064000000
0 9.802765998 21.032233935 25.070080929 95.940000000
0 7.101765903 22.591233951 25.070080929 95.940000000
1 8.902765902 22.591233951 26.629580670 32.064000000
1 8.902765902 22.591233951 23.510581189 32.064000000
1 11.603765927 21.032233935 26.629580670 32.064000000
1 11.603765927 21.032233935 23.510581189 32.064000000
0 15.204765998 21.032233935 25.070080929 95.940000000
0 12.503765903 22.591233951 25.070080929 95.940000000
1 14.304765902 22.591233951 26.629580670 32.064000000
1 14.304765902 22.591233951 23.510581189 32.064000000
1 17.005765927 21.032233935 26.629580670 32.064000000
1 17.005765927 21.032233935 23.510581189 32.064000000
0 20.606765998 21.032233935 25.070080929 95.940000000
0 17.905765903 22.591233951 25.070080929 95.940000000
1 19.706765902 22.591233951 26.629580670 32.064000000
1 19.706765902 22.591233951 23.510581189 32.064000000
1 22.407765927 21.032233935 26.629580670 32.064000000
1 22.407765927 21.032233935 23.510581189 32.064000000
0 26.008765998 21.032233935 25.070080929 95.940000000
0 23.307765903 22.591233951 25.070080929 95.940000000
1 25.108765902 22.591233951 26.629580670 32.064000000
1 25.108765902 22.591233951 23.510581189 32.064000000
1 27.809765927 21.032233935 26.629580670 32.064000000
1 27.809765927 21.032233935 23.510581189 32.064000000
0 31.410765998 21.032233935 25.070080929 95.940000000
0 28.709765903 22.591233951 25.070080929 95.940000000
1 30.510765902 22.591233951 26.629580670 32.064000000
1 30.510765902 22.591233951 23.510581189 32.064000000
1 33.211765927 21.032233935 26.629580670 32.064000000
1 33.211765927 21.032233935 23.510581189 32.064000000
0 36.812765998 21.032233935 25.070080929 95.940000000
0 34.111765903 22.591233951 25.070080929 95.940000000
1 35.912765902 22.591233951 26.629580670 32.064000000
1 35.912765902 22.591233951 23.510581189 32.064000000
1 38.613765927 21.032233935 26.629580670 32.064000000
1 38.613765927 21.032233935 23.510581189 32.064000000
0 42.214765998 21.032233935 25.070080929 95.940000000
0 39.513765903 22.591233951 25.070080929 95.940000000
1 41.314765902 22.591233951 26.629580670 32.064000000
1 41.314765902 22.591233951 23.510581189 32.064000000
1 44.015765927 21.032233935 26.629580670 32.064000000
1 44.015765927 21.032233935 23.510581189 32.064000000
0 47.616765998 21.032233935 25.070080929 95.940000000
0 44.915765903 22.591233951 25.070080929 95.940000000
1 46.716765902 22.591233951 26.629580670 32.064000000
1 46.716765902 22.591233951 23.510581189 32.064000000
1 49.417765927 21.032233935 26.629580670 32.064000000
1 49.417765927 21.032233935 23.510581189 32.064000000
0 53.018765998 21.032233935 25.070080929 95.940000000
0 50.317765903 22.591233951 25.070080929 95.940000000
1 52.118765902 22.591233951 26.629580670 32.064000000
1 52.118765902 22.591233951 23.510581189 32.064000000
1 0.799765927 24.151233935 26.629580670 32.064000000
1 0.799765927 24.151233935 23.510581189 32.064000000
0 4.400765998 24.151233935 25.070080929 95.940000000
0 1.699765903 25.710233951 25.070080929 95.940000000
1 3.500765902 25.710233951 26.629580670 32.064000000
1 3.500765902 25.710233951 23.510581189 32.064000000
1 6.201765927 24.151233935 26.629580670 32.064000000
1 6.201765927 24.151233935 23.510581189 32.064000000
0 9.802765998 24.151233935 25.070080929 95.940000000
0 7.101765903 25.710233951 25.070080929 95.940000000
1 8.902765902 25.710233951 26.629580670 32.064000000
1 8.902765902 25.710233951 23.510581189 32.064000000
1 11.603765927 24.151233935 26.629580670 32.064000000
1 11.603765927 24.151233935 23.510581189 32.064000000
0 15.204765998 24.151233935 25.070080929 95.940000000
0 12.503765903 25.710233951 25.070080929 95.940000000
1 14.304765902 25.710233951 26.629580670 32.064000000
1 14.304765902 25.710233951 23.510581189 32.064000000
1 17.005765927 24.151233935 26.629580670 32.064000000
1 17.005765927 24.151233935 23.510581189 32.064000000
0 20.606765998 24.151233935 25.070080929 95.940000000
0 17.905765903 25.710233951 25.070080929 95.940000000
1 19.706765902 25.710233951 26.629580670 32.064000000
1 19.706765902 25.710233951 23.510581189 32.064000000
1 22.407765927 24.151233935 26.629580670 32.064000000
1 22.407765927 24.151233935 23.510581189 32.064000000
0 26.008765998 24.151233935 25.070080929 95.940000000
0 23.307765903 25.710233951 25.070080929 95.940000000
1 25.108765902 25.710233951 26.629580670 32.064000000
1 25.108765902 25.710233951 23.510581189 32.064000000
1 27.809765927 24.151233935 26.629580670 32.064000000
1 27.809765927 24.151233935 23.510581189 32.064000000
0 31.410765998 24.151233935 25.070080929 95.940000000
0 28.709765903 25.710233951 25.070080929 95.940000000
1 30.510765902 25.710233951 26.629580670 32.064000000
1 30.510765902 25.710233951 23.510581189 32.064000000
1 33.211765927 24.151233935 26.629580670 32.064000000
1 33.211765927 24.151233935 23.510581189 32.064000000
0 36.812765998 24.151233935 25.070080929 95.940000000
0 34.111765903 25.710233951 25.070080929 95.940000000
1 35.912765902 25.710233951 26.629580670 32.064000000
1 35.912765902 25.710233951 23.510581189 32.064000000
1 38.613765927 24.151233935 26.629580670 32.064000000
1 38.613765927 24.151233935 23.510581189 32.064000000
0 42.214765998 24.151233935 25.070080929 95.940000000
0 39.513765903 25.710233951 25.070080929 95.940000000
1 41.314765902 25.710233951 26.629580670 32.064000000
1 41.314765902 25.710233951 23.510581189 32.064000000
1 44.015765927 24.151233935 26.629580670 32.064000000
1 44.015765927 24.151233935 23.510581189 32.064000000
0 47.616765998 24.151233935 25.070080929 95.940000000
0 44.915765903 25.710233951 25.070080929 95.940000000
1 46.716765902 25.710233951 26.629580670 32.064000000
1 46.716765902 25.710233951 23.510581189 32.064000000
1 49.417765927 24.151233935 26.629580670 32.064000000
1 49.417765927 24.151233935 23.510581189 32.064000000
0 53.018765998 24.151233935 25.070080929 95.940000000
0 50.317765903 25.710233951 25.070080929 95.940000000
1 52.118765902 25.710233951 26.629580670 32.064000000
1 52.118765902 25.710233951 23.510581189 32.064000000
1 0.799765927 27.270233935 26.629580670 32.064000000
1 0.799765927 27.270233935 23.510581189 32.064000000
0 4.400765998 27.270233935 25.070080929 95.940000000
0 1.699765903 28.829233951 25.070080929 95.940000000
1 3.500765902 28.829233951 26.629580670 32.064000000
1 3.500765902 28.829233951 23.510581189 32.064000000
1 6.201765927 27.270233935 26.629580670 32.064000000
1 6.201765927 27.270233935 23.510581189 32.064000000
0 9.802765998 27.270233935 25.070080929 95.940000000
0 7.101765903 28.829233951 25.070080929 95.940000000
1 8.902765902 28.829233951 26.629580670 32.064000000
1 8.902765902 28.829233951 23.510581189 32.064000000
1 11.603765927 27.270233935 26.629580670 32.064000000
1 11.603765927 27.270233935 23.510581189 32.064000000
0 15.204765998 27.270233935 25.070080929 95.940000000
0 12.503765903 28.829233951 25.070080929 95.940000000
1 14.304765902 28.829233951 26.629580670 32.064000000
1 14.304765902 28.829233951 23.510581189 32.064000000
1 17.005765927 27.270233935 26.629580670 32.064000000
1 17.005765927 27.270233935 23.510581189 32.064000000
0 20.606765998 27.270233935 25.070080929 95.940000000
0 17.905765903 28.829233951 25.070080929 95.940000000
1 19.706765902 28.829233951 26.629580670 32.064000000
1 19.706765902 28.829233951 23.510581189 32.064000000
1 22.407765927 27.270233935 26.629580670 32.064000000
1 22.407765927 27.270233935 23.510581189 32.064000000
0 26.008765998 27.270233935 25.070080929 95.940000000
0 23.307765903 28.829233951 25.070080929 95.940000000
1 25.108765902 28.829233951 26.629580670 32.064000000
1 25.108765902 28.829233951 23.510581189 32.064000000
1 27.809765927 27.270233935 26.629580670 32.064000000
1 27.809765927 27.270233935 23.510581189 32.064000000
0 31.410765998 27.270233935 25.070080929 95.940000000
0 28.709765903 28.829233951 25.070080929 95.940000000
1 30.510765902 28.829233951 26.629580670 32.064000000
1 30.510765902 28.829233951 23.510581189 32.064000000
1 33.211765927 27.270233935 26.629580670 32.064000000
1 33.211765927 27.270233935 23.510581189 32.064000000
0 36.812765998 27.270233935 25.070080929 95.940000000
0 34.111765903 28.829233951 25.070080929 95.940000000
1 35.912765902 28.829233951 26.629580670 32.064000000
1 35.912765902 28.829233951 23.510581189 32.064000000
1 38.613765927 27.270233935 26.629580670 32.064000000
1 38.613765927 27.270233935 23.510581189 32.064000000
0 42.214765998 27.270233935 25.070080929 95.940000000
0 39.513765903 28.829233951 25.070080929 95.940000000
1 41.314765902 28.829233951 26.629580670 32.064000000
1 41.314765902 28.829233951 23.510581189 32.064000000
1 44.015765927 27.270233935 26.629580670 32.064000000
1 44.015765927 27.270233935 23.510581189 32.064000000
0 47.616765998 27.270233935 25.070080929 95.940000000
0 44.915765903 28.829233951 25.070080929 95.940000000
1 46.716765902 28.829233951 26.629580670 32.064000000
1 46.716765902 28.829233951 23.510581189 32.064000000
1 49.417765927 27.270233935 26.629580670 32.064000000
1 49.417765927 27.270233935 23.510581189 32.064000000
0 53.018765998 27.270233935 25.070080929 95.940000000
0 50.317765903 28.829233951 25.070080929 95.940000000
1 52.118765902 28.829233951 26.629580670 32.064000000
1 52.118765902 28.829233951 23.510581189 32.064000000
1 0.799765927 30.389233935 26.629580670 32.064000000
1 0.799765927 30.389233935 23.510581189 32.064000000
0 4.400765998 30.389233935 25.070080929 95.940000000
0 1.699765903 31.948233951 25.070080929 95.940000000
1 3.500765902 31.948233951 26.629580670 32.064000000
1 3.500765902 31.948233951 23.510581189 32.064000000
1 6.201765927 30.389233935 26.629580670 32.064000000
1 6.201765927 30.389233935 23.510581189 32.064000000
0 9.802765998 30.389233935 25.070080929 95.940000000
0 7.101765903 31.948233951 25.070080929 95.940000000
1 8.902765902 31.948233951 26.629580670 32.064000000
1 8.902765902 31.948233951 23.510581189 32.064000000
1 11.603765927 30.389233935 26.629580670 32.064000000
1 11.603765927 30.389233935 23.510581189 32.064000000
0 15.204765998 30.389233935 25.070080929 95.940000000
0 12.503765903 31.948233951 25.070080929 95.940000000
1 14.304765902 31.948233951 26.629580670 32.064000000
1 14.304765902 31.948233951 23.510581189 32.064000000
1 17.005765927 30.389233935 26.629580670 32.064000000
1 17.005765927 30.389233935 23.510581189 32.064000000
0 20.606765998 30.389233935 25.070080929 95.940000000
0 17.905765903 31.948233951 25.070080929 95.940000000
1 19.706765902 31.948233951 26.629580670 32.064000000
1 19.706765902 31.948233951 23.510581189 32.064000000
1 22.407765927 30.389233935 26.629580670 32.064000000
1 22.407765927 30.389233935 23.510581189 32.064000000
0 26.008765998 30.389233935 25.070080929 95.940000000
0 23.307765903 31.948233951 25.070080929 95.940000000
1 25.108765902 31.948233951 26.629580670 32.064000000
1 25.108765902 31.948233951 23.510581189 32.064000000
1 27.809765927 30.389233935 26.629580670 32.064000000
1 27.809765927 30.389233935 23.510581189 32.064000000
0 31.410765998 30.389233935 25.070080929 95.940000000
0 28.709765903 31.948233951 25.070080929 95.940000000
1 30.510765902 31.948233951 26.629580670 32.064000000
1 30.510765902 31.948233951 23.510581189 32.064000000
1 33.211765927 30.389233935 26.629580670 32.064000000
1 33.211765927 30.389233935 23.510581189 32.064000000
0 36.812765998 30.389233935 25.070080929 95.940000000
0 34.111765903 31.948233951 25.070080929 95.940000000
1 35.912765902 31.948233951 26.629580670 32.064000000
1 35.912765902 31.948233951 23.510581189 32.064000000
1 38.613765927 30.389233935 26.629580670 32.064000000
1 38.613765927 30.389233935 23.510581189 32.064000000
0 42.214765998 30.389233935 25.070080929 95.940000000
0 39.513765903 31.948233951 25.070080929 95.940000000
1 41.314765902 31.948233951 26.629580670 32.064000000
1 41.314765902 31.948233951 23.510581189 32.064000000
1 44.015765927 30.389233935 26.629580670 32.064000000
1 44.015765927 30.389233935 23.510581189 32.064000000
0 47.616765998 30.389233935 25.070080929 95.940000000
0 44.915765903 31.948233951 25.070080929 95.940000000
1 46.716765902 31.948233951 26.629580670 32.064000000
1 46.716765902 31.948233951 23.510581189 32.064000000
1 49.417765927 30.389233935 26.629580670 32.064000000
1 49.417765927 30.389233935 23.510581189 32.064000000
0 53.018765998 30.389233935 25.070080929 95.940000000
0 50.317765903 31.948233951 25.070080929 95.940000000
1 52.118765902 31.948233951 26.629580670 32.064000000
1 52.118765902 31.948233951 23.510581189 32.064000000
1 0.799765927 33.508233935 26.629580670 32.064000000
1 0.799765927 33.508233935 23.510581189 32.064000000
0 4.400765998 33.508233935 25.070080929 95.940000000
0 1.699765903 35.067233951 25.070080929 95.940000000
1 3.500765902 35.067233951 26.629580670 32.064000000
1 3.500765902 35.067233951 23.510581189 32.064000000
1 6.201765927 33.508233935 26.629580670 32.064000000
1 6.201765927 33.508233935 23.510581189 32.064000000
0 9.802765998 33.508233935 25.070080929 95.940000000
0 7.101765903 35.067233951 25.070080929 95.940000000
1 8.902765902 35.067233951 26.629580670 32.064000000
1 8.902765902 35.067233951 23.510581189 32.064000000
1 11.603765927 33.508233935 26.629580670 32.064000000
1 11.603765927 33.508233935 23.510581189 32.064000000
0 15.204765998 33.508233935 25.070080929 95.940000000
0 12.503765903 35.067233951 25.070080929 95.940000000
1 14.304765902 35.067233951 26.629580670 32.064000000
1 14.304765902 35.067233951 23.510581189 32.064000000
1 17.005765927 33.508233935 26.629580670 32.064000000
1 17.005765927 33.508233935 23.510581189 32.064000000
0 20.606765998 33.508233935 25.070080929 95.940000000
0 17.905765903 35.067233951 25.070080929 95.940000000
1 19.706765902 35.067233951 26.629580670 32.064000000
1 19.706765902 35.067233951 23.510581189 32.064000000
1 22.407765927 33.508233935 26.629580670 32.064000000
1 22.407765927 33.508233935 23.510581189 32.064000000
0 26.008765998 33.508233935 25.070080929 95.940000000
0 23.307765903 35.067233951 25.070080929 95.940000000
1 25.108765902 35.067233951 26.629580670 32.064000000
1 25.108765902 35.067233951 23.510581189 32.064000000
1 27.809765927 33.508233935 26.629580670 32.064000000
1 27.809765927 33.508233935 23.510581189 32.064000000
0 31.410765998 33.508233935 25.070080929 95.940000000
0 28.709765903 35.067233951 25.070080929 95.940000000
1 30.510765902 35.067233951 26.629580670 32.064000000
1 30.510765902 35.067233951 23.510581189 32.064000000
1 33.211765927 33.508233935 26.629580670 32.064000000
1 33.211765927 33.508233935 23.510581189 32.064000000
0 36.812765998 33.508233935 25.070080929 95.940000000
0 34.111765903 35.067233951 25.070080929 95.940000000
1 35.912765902 35.067233951 26.629580670 32.064000000
1 35.912765902 35.067233951 23.510581189 32.064000000
1 38.613765927 33.508233935 26.629580670 32.064000000
1 38.613765927 33.508233935 23.510581189 32.064000000
0 42.214765998 33.508233935 25.070080929 95.940000000
0 39.513765903 35.067233951 25.070080929 95.940000000
1 41.314765902 35.067233951 26.629580670 32.064000000
1 41.314765902 35.067233951 23.510581189 32.064000000
1 44.015765927 33.508233935 26.629580670 32.064000000
1 44.015765927 33.508233935 23.510581189 32.064000000
0 47.616765998 33.508233935 25.070080929 95.940000000
0 44.915765903 35.067233951 25.070080929 95.940000000
1 46.716765902 35.067233951 26.629580670 32.064000000
1 46.716765902 35.067233951 23.510581189 32.064000000
1 49.417765927 33.508233935 26.629580670 32.064000000
1 49.417765927 33.508233935 23.510581189 32.064000000
0 53.018765998 33.508233935 25.070080929 95.940000000
0 50.317765903 35.067233951 25.070080929 95.940000000
1 52.118765902 35.067233951 26.629580670 32.064000000
1 52.118765902 35.067233951 23.510581189 32.064000000
1 0.799765927 36.627233935 26.629580670 32.064000000
1 0.799765927 36.627233935 23.510581189 32.064000000
0 4.400765998 36.627233935 25.070080929 95.940000000
0 1.699765903 38.186233951 25.070080929 95.940000000
1 3.500765902 38.186233951 26.629580670 32.064000000
1 3.500765902 38.186233951 23.510581189 32.064000000
1 6.201765927 36.627233935 26.629580670 32.064000000
1 6.201765927 36.627233935 23.510581189 32.064000000
0 9.802765998 36.627233935 25.070080929 95.940000000
0 7.101765903 38.186233951 25.070080929 95.940000000
1 8.902765902 38.186233951 26.629580670 32.064000000
1 8.902765902 38.186233951 23.510581189 32.064000000
1 11.603765927 36.627233935 26.629580670 32.064000000
1 11.603765927 36.627233935 23.510581189 32.064000000
0 15.204765998 36.627233935 25.070080929 95.940000000
0 12.503765903 38.186233951 25.070080929 95.940000000
1 14.304765902 38.186233951 26.629580670 32.064000000
1 14.304765902 38.186233951 23.510581189 32.064000000
1 17.005765927 36.627233935 26.629580670 32.064000000
1 17.005765927 36.627233935 23.510581189 32.064000000
0 20.606765998 36.627233935 25.070080929 95.940000000
0 17.905765903 38.186233951 25.070080929 95.940000000
1 19.706765902 38.186233951 26.629580670 32.064000000
1 19.706765902 38.186233951 23.510581189 32.064000000
1 22.407765927 36.627233935 26.629580670 32.064000000
1 22.407765927 36.627233935 23.510581189 32.064000000
0 26.008765998 36.627233935 25.070080929 95.940000000
0 23.307765903 38.186233951 25.070080929 95.940000000
1 25.108765902 38.186233951 26.629580670 32.064000000
1 25.108765902 38.186233951 23.510581189 32.064000000
1 27.809765927 36.627233935 26.629580670 32.064000000
1 27.809765927 36.627233935 23.510581189 32.064000000
0 31.410765998 36.627233935 25.070080929 95.940000000
0 28.709765903 38.186233951 25.070080929 95.940000000
1 30.510765902 38.186233951 26.629580670 32.064000000
1 30.510765902 38.186233951 23.510581189 32.064000000
1 33.211765927 36.627233935 26.629580670 32.064000000
1 33.211765927 36.627233935 23.510581189 32.064000000
0 36.812765998 36.627233935 25.070080929 95.940000000
0 34.111765903 38.186233951 25.070080929 95.940000000
1 35.912765902 38.186233951 26.629580670 32.064000000
1 35.912765902 38.186233951 23.510581189 32.064000000
1 38.613765927 36.627233935 26.629580670 32.064000000
1 38.613765927 36.627233935 23.510581189 32.064000000
0 42.214765998 36.627233935 25.070080929 95.940000000
0 39.513765903 38.186233951 25.070080929 95.940000000
1 41.314765902 38.186233951 26.629580670 32.064000000
1 41.314765902 38.186233951 23.510581189 32.064000000
1 44.015765927 36.627233935 26.629580670 32.064000000
1 44.015765927 36.627233935 23.510581189 32.064000000
0 47.616765998 36.627233935 25.070080929 95.940000000
0 44.915765903 38.186233951 25.070080929 95.940000000
1 46.716765902 38.186233951 26.629580670 32.064000000
1 46.716765902 38.186233951 23.510581189 32.064000000
1 49.417765927 36.627233935 26.629580670 32.064000000
1 49.417765927 36.627233935 23.510581189 32.064000000
0 53.018765998 36.627233935 25.070080929 95.940000000
0 50.317765903 38.186233951 25.070080929 95.940000000
1 52.118765902 38.186233951 26.629580670 32.064000000
1 52.118765902 38.186233951 23.510581189 32.064000000
1 0.799765927 39.746233935 26.629580670 32.064000000
1 0.799765927 39.746233935 23.510581189 32.064000000
0 4.400765998 39.746233935 25.070080929 95.940000000
0 1.699765903 41.305233951 25.070080929 95.940000000
1 3.500765902 41.305233951 26.629580670 32.064000000
1 3.500765902 41.305233951 23.510581189 32.064000000
1 6.201765927 39.746233935 26.629580670 32.064000000
1 6.201765927 39.746233935 23.510581189 32.064000000
0 9.802765998 39.746233935 25.070080929 95.940000000
0 7.101765903 41.305233951 25.070080929 95.940000000
1 8.902765902 41.305233951 26.629580670 32.064000000
1 8.902765902 41.305233951 23.510581189 32.064000000
1 11.603765927 39.746233935 26.629580670 32.064000000
1 11.603765927 39.746233935 23.510581189 32.064000000
0 15.204765998 39.746233935 25.070080929 95.940000000
0 12.503765903 41.305233951 25.070080929 95.940000000
1 14.304765902 41.305233951 26.629580670 32.064000000
1 14.304765902 41.305233951 23.510581189 32.064000000
1 17.005765927 39.746233935 26.629580670 32.064000000
1 17.005765927 39.746233935 23.510581189 32.064000000
0 20.606765998 39.746233935 25.070080929 95.940000000
0 17.905765903 41.305233951 25.070080929 95.940000000
1 19.706765902 41.305233951 26.629580670 32.064000000
1 19.706765902 41.305233951 23.510581189 32.064000000
1 22.407765927 39.746233935 26.629580670 32.064000000
1 22.407765927 39.746233935 23.510581189 32.064000000
0 26.008765998 39.746233935 25.070080929 95.940000000
0 23.307765903 41.305233951 25.070080929 95.940000000
1 25.108765902 41.305233951 26.629580670 32.064000000
1 25.108765902 41.305233951 23.510581189 32.064000000
1 27.809765927 39.746233935 26.629580670 32.064000000
1 27.809765927 39.746233935 23.510581189 32.064000000
0 31.410765998 39.746233935 25.070080929 95.940000000
0 28.709765903 41.305233951 25.070080929 95.940000000
1 30.510765902 41.305233951 26.629580670 32.064000000
1 30.510765902 41.305233951 23.510581189 32.064000000
1 33.211765927 39.746233935 26.629580670 32.064000000
1 33.211765927 39.746233935 23.510581189 32.064000000
0 36.812765998 39.746233935 25.070080929 95.940000000
0 34.111765903 41.305233951 25.070080929 95.940000000
1 35.912765902 41.305233951 26.629580670 32.064000000
1 35.912765902 41.305233951 23.510581189 32.064000000
1 38.613765927 39.746233935 26.629580670 32.064000000
1 38.613765927 39.746233935 23.510581189 32.064000000
0 42.214765998 39.746233935 25.070080929 95.940000000
0 39.513765903 41.305233951 25.070080929 95.940000000
1 41.314765902 41.305233951 26.629580670 32.064000000
1 41.314765902 41.305233951 23.510581189 32.064000000
1 44.015765927 39.746233935 26.629580670 32.064000000
1 44.015765927 39.746233935 23.510581189 32.064000000
0 47.616765998 39.746233935 25.070080929 95.940000000
0 44.915765903 41.305233951 25.070080929 95.940000000
1 46.716765902 41.305233951 26.629580670 32.064000000
1 46.716765902 41.305233951 23.510581189 32.064000000
1 49.417765927 39.746233935 26.629580670 32.064000000
1 49.417765927 39.746233935 23.510581189 32.064000000
0 53.018765998 39.746233935 25.070080929 95.940000000
0 50.317765903 41.305233951 25.070080929 95.940000000
1 52.118765902 41.305233951 26.629580670 32.064000000
1 52.118765902 41.305233951 23.510581189 32.064000000
1 0.799765927 42.865233935 26.629580670 32.064000000
1 0.799765927 42.865233935 23.510581189 32.064000000
0 4.400765998 42.865233935 25.070080929 95.940000000
0 1.699765903 44.424233951 25.070080929 95.940000000
1 3.500765902 44.424233951 26.629580670 32.064000000
1 3.500765902 44.424233951 23.510581189 32.064000000
1 6.201765927 42.865233935 26.629580670 32.064000000
1 6.201765927 42.865233935 23.510581189 32.064000000
0 9.802765998 42.865233935 25.070080929 95.940000000
0 7.101765903 44.424233951 25.070080929 95.940000000
1 8.902765902 44.424233951 26.629580670 32.064000000
1 8.902765902 44.424233951 23.510581189 32.064000000
1 11.603765927 42.865233935 26.629580670 32.064000000
1 11.603765927 42.865233935 23.510581189 32.064000000
0 15.204765998 42.865233935 25.070080929 95.940000000
0 12.503765903 44.424233951 25.070080929 95.940000000
1 14.304765902 44.424233951 26.629580670 32.064000000
1 14.304765902 44.424233951 23.510581189 32.064000000
1 17.005765927 42.865233935 26.629580670 32.064000000
1 17.005765927 42.865233935 23.510581189 32.064000000
0 20.606765998 42.865233935 25.070080929 95.940000000
0 17.905765903 44.424233951 25.070080929 95.940000000
1 19.706765902 44.424233951 26.629580670 32.064000000
1 19.706765902 44.424233951 23.510581189 32.064000000
1 22.407765927 42.865233935 26.629580670 32.064000000
1 22.407765927 42.865233935 23.510581189 32.064000000
0 26.008765998 42.865233935 25.070080929 95.940000000
0 23.307765903 44.424233951 25.070080929 95.940000000
1 25.108765902 44.424233951 26.629580670 32.064000000
1 25.108765902 44.424233951 23.510581189 32.064000000
1 27.809765927 42.865233935 26.629580670 32.064000000
1 27.809765927 42.865233935 23.510581189 32.064000000
0 31.410765998 42.865233935 25.070080929 95.940000000
0 28.709765903 44.424233951 25.070080929 95.940000000
1 30.510765902 44.424233951 26.629580670 32.064000000
1 30.510765902 44.424233951 23.510581189 32.064000000
1 33.211765927 42.865233935 26.629580670 32.064000000
1 33.211765927 42.865233935 23.510581189 32.064000000
0 36.812765998 42.865233935 25.070080929 95.940000000
0 34.111765903 44.424233951 25.070080929 95.940000000
1 35.912765902 44.424233951 26.629580670 32.064000000
1 35.912765902 44.424233951 23.510581189 32.064000000
1 38.613765927 42.865233935 26.629580670 32.064000000
1 38.613765927 42.865233935 23.510581189 32.064000000
0 42.214765998 42.865233935 25.070080929 95.940000000
0 39.513765903 44.424233951 25.070080929 95.940000000
1 41.314765902 44.424233951 26.629580670 32.064000000
1 41.314765902 44.424233951 23.510581189 32.064000000
1 44.015765927 42.865233935 26.629580670 32.064000000
1 44.015765927 42.865233935 23.510581189 32.064000000
0 47.616765998 42.865233935 25.070080929 95.940000000
0 44.915765903 44.424233951 25.070080929 95.940000000
1 46.716765902 44.424233951 26.629580670 32.064000000
1 46.716765902 44.424233951 23.510581189 32.064000000
1 49.417765927 42.865233935 26.629580670 32.064000000
1 49.417765927 42.865233935 23.510581189 32.064000000
0 53.018765998 42.865233935 25.070080929 95.940000000
0 50.317765903 44.424233951 25.070080929 95.940000000
1 52.118765902 44.424233951 26.629580670 32.064000000
1 52.118765902 44.424233951 23.510581189 32.064000000
1 0.799765927 45.984233935 26.629580670 32.064000000
1 0.799765927 45.984233935 23.510581189 32.064000000
0 4.400765998 45.984233935 25.070080929 95.940000000
0 1.699765903 47.543233951 25.070080929 95.940000000
1 3.500765902 47.543233951 26.629580670 32.064000000
1 3.500765902 47.543233951 23.510581189 32.064000000
1 6.201765927 45.984233935 26.629580670 32.064000000
1 6.201765927 45.984233935 23.510581189 32.064000000
0 9.802765998 45.984233935 25.070080929 95.940000000
0 7.101765903 47.543233951 25.070080929 95.940000000
1 8.902765902 47.543233951 26.629580670 32.064000000
1 8.902765902 47.543233951 23.510581189 32.064000000
1 11.603765927 45.984233935 26.629580670 32.064000000
1 11.603765927 45.984233935 23.510581189 32.064000000
0 15.204765998 45.984233935 25.070080929 95.940000000
0 12.503765903 47.543233951 25.070080929 95.940000000
1 14.304765902 47.543233951 26.629580670 32.064000000
1 14.304765902 47.543233951 23.510581189 32.064000000
1 17.005765927 45.984233935 26.629580670 32.064000000
1 17.005765927 45.984233935 23.510581189 32.064000000
0 20.606765998 45.984233935 25.070080929 95.940000000
0 17.905765903 47.543233951 25.070080929 95.940000000
1 19.706765902 47.543233951 26.629580670 32.064000000
1 19.706765902 47.543233951 23.510581189 32.064000000
1 22.407765927 45.984233935 26.629580670 32.064000000
1 22.407765927 45.984233935 23.510581189 32.064000000
0 26.008765998 45.984233935 25.070080929 95.940000000
0 23.307765903 47.543233951 25.070080929 95.940000000
1 25.108765902 47.543233951 26.629580670 32.064000000
1 25.108765902 47.543233951 23.510581189 32.064000000
1 27.809765927 45.984233935 26.629580670 32.064000000
1 27.809765927 45.984233935 23.510581189 32.064000000
0 31.410765998 45.984233935 25.070080929 95.940000000
0 28.709765903 47.543233951 25.070080929 95.940000000
1 30.510765902 47.543233951 26.629580670 32.064000000
1 30.510765902 47.543233951 23.510581189 32.064000000
1 33.211765927 45.984233935 26.629580670 32.064000000
1 33.211765927 45.984233935 23.510581189 32.064000000
0 36.812765998 45.984233935 25.070080929 95.940000000
0 34.111765903 47.543233951 25.070080929 95.940000000
1 35.912765902 47.543233951 26.629580670 32.064000000
1 35.912765902 47.543233951 23.510581189 32.064000000
1 38.613765927 45.984233935 26.629580670 32.064000000
1 38.613765927 45.984233935 23.510581189 32.064000000
0 42.214765998 45.984233935 25.070080929 95.940000000
0 39.513765903 47.543233951 25.070080929 95.940000000
1 41.314765902 47.543233951 26.629580670 32.064000000
1 41.314765902 47.543233951 23.510581189 32.064000000
1 44.015765927 45.984233935 26.629580670 32.064000000
1 44.015765927 45.984233935 23.510581189 32.064000000
0 47.616765998 45.984233935 25.070080929 95.940000000
0 44.915765903 47.543233951 25.070080929 95.940000000
1 46.716765902 47.543233951 26.629580670 32.064000000
1 46.716765902 47.543233951 23.510581189 32.064000000
1 49.417765927 45.984233935 26.629580670 32.064000000
1 49.417765927 45.984233935 23.510581189 32.064000000
0 53.018765998 45.984233935 25.070080929 95.940000000
0 50.317765903 47.543233951 25.070080929 95.940000000
1 52.118765902 47.543233951 26.629580670 32.064000000
1 52.118765902 47.543233951 23.510581189 32.064000000
1 0.799765927 49.103233935 26.629580670 32.064000000
1 0.799765927 49.103233935 23.510581189 32.064000000
0 4.400765998 49.103233935 25.070080929 95.940000000
1 6.201765927 49.103233935 26.629580670 32.064000000
1 6.201765927 49.103233935 23.510581189 32.064000000
0 9.802765998 49.103233935 25.070080929 95.940000000
1 11.603765927 49.103233935 26.629580670 32.064000000
1 11.603765927 49.103233935 23.510581189 32.064000000
0 15.204765998 49.103233935 25.070080929 95.940000000
1 17.005765927 49.103233935 26.629580670 32.064000000
1 17.005765927 49.103233935 23.510581189 32.064000000
0 20.606765998 49.103233935 25.070080929 95.940000000
1 22.407765927 49.103233935 26.629580670 32.064000000
1 22.407765927 49.103233935 23.510581189 32.064000000
0 26.008765998 49.103233935 25.070080929 95.940000000
1 27.809765927 49.103233935 26.629580670 32.064000000
1 27.809765927 49.103233935 23.510581189 32.064000000
0 31.410765998 49.103233935 25.070080929 95.940000000
1 33.211765927 49.103233935 26.629580670 32.064000000
1 33.211765927 49.103233935 23.510581189 32.064000000
0 36.812765998 49.103233935 25.070080929 95.940000000
1 38.613765927 49.103233935 26.629580670 32.064000000
1 38.613765927 49.103233935 23.510581189 32.064000000
0 42.214765998 49.103233935 25.070080929 95.940000000
1 44.015765927 49.103233935 26.629580670 32.064000000
1 44.015765927 49.103233935 23.510581189 32.064000000
0 47.616765998 49.103233935 25.070080929 95.940000000
1 49.417765927 49.103233935 26.629580670 32.064000000
1 49.417765927 49.103233935 23.510581189 32.064000000
0 53.018765998 49.103233935 25.070080929 95.940000000
