3 2.734820 5.183810 -0.688955
10 2.748550 10.034000 3.861440
4 -3.897210 -1.304240 -0.356725
13 -2.370650 -5.748060 2.251450
9 1.537900 4.546310 3.838750
11 3.182740 8.923080 2.036790
12 2.166210 4.330200 2.359360
15 -6.525940 -9.225760 1.938820
16 -4.434040 -12.183000 -0.095943
1 2.966430 -0.033321 5.877810
2 -0.660767 0.449134 -0.469105
19 -0.688470 4.586310 1.574690
5 -0.507178 -1.799660 -1.611610
20 4.766140 5.641040 4.099140
6 -2.126860 -5.288760 -6.168500
23 1.923350 -4.704270 1.055300
24 1.526080 -0.927376 -4.575190
26 -4.191630 1.510130 -1.429530
27 -2.216510 -0.221464 9.182140
29 4.852990 -2.794340 -3.911490
28 5.786280 0.444470 -5.164050
30 -1.440920 -1.727930 -7.793140
31 -2.268390 -3.886090 0.931543
32 0.737291 -2.935030 5.192900
25 0.506322 3.913280 4.898090
18 9.179910 1.102770 -7.413870
35 -1.393220 -1.172810 3.368810
21 -5.015020 -3.273200 0.443669
36 1.112120 -5.773410 -0.718915
22 0.115289 -4.082260 5.292910
39 1.822850 -1.135180 -5.221990
17 8.261940 3.433890 -0.086355
40 0.595549 -0.230815 -3.997560
45 6.663580 0.460129 1.009270
46 1.026470 -3.631150 -1.086180
41 2.945530 3.634640 1.398960
7 1.078690 -3.000510 -10.127500
14 3.616290 -0.893216 4.944930
8 -1.180300 6.570800 -1.331660
42 -3.189910 1.283090 4.357420
43 0.486820 3.296660 -1.355240
44 2.928600 -1.093190 4.838970
47 10.757200 -0.793063 3.435220
48 -3.447240 2.092010 5.676670
34 -0.495189 -5.717610 -0.490688
37 0.082740 1.433920 -0.562985
38 -0.873907 -2.083370 2.312520
33 -1.855400 8.547060 -1.848470
58 -7.700590 -5.991780 -2.852090
51 2.218300 6.690460 2.412980
61 -4.328270 -13.186800 3.091560
52 -4.814510 7.429090 -1.111170
62 7.357400 -3.031920 -6.810580
55 -3.427220 -1.443640 4.933000
57 1.014360 1.634220 -5.331090
56 2.205760 -4.891030 5.619850
50 -9.603460 -0.992505 4.211220
59 -0.689157 -8.615720 -0.372446
53 3.586200 -2.018160 -0.956789
60 -1.345910 3.972120 -2.484650
54 -3.643590 0.056384 -7.350290
63 4.413040 2.616360 4.904060
49 -3.093500 -7.017300 0.437024
64 -3.717850 -4.608840 0.914018
67 8.335410 7.057560 3.387970
74 15.011100 1.360880 3.730210
68 -0.556369 -8.033730 -0.994764
77 -8.009420 1.213170 -0.267174
71 -9.128280 -6.086090 -3.873160
78 1.420840 0.947980 -4.816580
72 1.044620 3.611180 3.042640
73 7.658400 3.655910 -1.948860
75 -0.282077 -0.336081 -1.208820
66 0.720032 -4.610900 -3.142550
69 -0.739767 2.336270 10.937800
76 -0.241480 -6.776450 -2.979350
79 -2.281590 2.917080 4.618320
70 -3.240490 3.127500 -8.962880
80 4.381340 5.157370 1.685160
65 0.885528 -0.713197 -1.818150
83 -1.134010 -7.797610 -0.201799
84 -3.602710 2.513110 -1.242950
87 3.075670 -0.052450 1.911460
88 -5.252060 -10.730300 3.209960
90 2.930740 -5.133430 0.031636
91 1.389620 4.362370 -1.004840
93 -1.120470 -0.055510 -10.681800
92 -1.543350 1.346480 2.592230
94 7.065990 -2.242460 3.897060
95 -0.228262 -7.702260 -4.065190
89 -2.394710 0.547587 -3.878410
96 -1.772960 -4.309420 -1.602330
82 9.552890 -3.841110 -2.121100
99 -6.553180 2.820290 6.360910
85 4.050680 -4.730410 -1.143800
100 -0.807698 1.706910 10.309700
103 -2.163550 -3.696070 -1.305820
86 -9.102410 6.395080 7.212690
81 -0.615335 -1.518230 -6.819120
104 1.462280 5.320350 4.735400
115 3.585760 -2.402010 -4.287580
116 -0.251515 -11.893200 -2.840650
119 -1.375410 -6.584990 -0.749902
120 4.167590 0.501024 2.769640
122 1.337700 -3.502870 3.968000
125 3.765910 -10.237300 -8.127320
126 -0.172734 2.752230 8.609650
121 -3.317650 1.822840 -3.597890
123 -6.803780 -3.917150 -0.726367
114 -2.076450 4.871550 10.278000
124 5.832940 -1.037560 -2.527250
117 -0.531963 8.915910 -1.259980
127 -5.700040 3.810920 9.211410
118 -1.977840 -4.085750 5.292860
113 -0.870323 -2.395360 -5.260590
128 4.884250 1.022770 -1.254100
131 1.716000 -2.560700 8.564050
138 1.507960 2.622910 -2.680950
132 -7.868980 -2.247270 1.775600
141 3.741020 -4.568050 -1.527540
135 -4.755410 -2.463320 -6.968780
142 -4.333950 0.704327 0.784592
136 0.954641 -0.353152 6.652630
137 -3.286880 5.183010 -12.670900
139 3.501650 -1.681970 -5.427490
130 -0.429520 -3.330540 -2.129030
133 -3.958810 -1.239870 2.635220
140 -5.649480 -3.418710 -11.991100
143 -2.539160 -0.265093 2.745340
134 5.692740 -8.528400 12.288000
129 -7.340080 -4.164520 -5.173070
144 4.057420 -5.017380 -5.011270
147 -3.424360 -2.843830 2.194830
154 -2.933730 -1.892540 5.641030
148 -1.960530 1.720050 0.641547
157 -3.975540 -1.980770 -1.488610
151 -1.771340 -10.276100 1.440200
158 -5.668770 3.897590 -3.681930
152 2.049830 11.721700 -4.356740
153 -2.197900 -3.892860 -2.492380
106 -6.674830 -0.348962 2.941710
107 -1.382010 3.727820 5.136100
108 -0.354906 -8.395180 8.071250
109 -4.966690 2.885260 5.201180
110 -2.656370 -2.376320 -2.171250
111 4.414260 6.301730 -3.233870
105 2.553770 -1.468130 1.286230
112 -0.542145 -5.938990 -1.491050
98 -2.208620 5.842670 4.834210
101 -3.881390 5.646880 3.133850
102 -2.123910 -3.720700 -4.556110
97 4.968130 -1.605980 -0.261500
155 -0.704907 -2.181770 -4.994080
156 1.052780 -5.925140 8.642100
159 -1.454550 6.126190 0.184439
160 1.968030 8.867080 -5.219930
146 0.997778 6.008590 -6.741010
163 -0.449157 3.174440 -6.590680
149 -1.757230 0.493744 2.235530
164 -5.692630 -1.315940 1.684120
150 1.965020 -0.547667 -2.085610
167 -9.270390 -6.369620 -12.302100
168 1.843570 0.758484 5.189140
145 -1.807500 -0.599268 -2.618590
170 -4.483070 0.346492 -0.285859
171 -5.677020 6.803900 0.687031
172 -0.866745 -10.129800 -1.255410
173 4.897440 -2.592540 -2.883100
174 0.432575 3.410780 3.604740
175 -1.530030 6.028340 1.150750
169 0.532038 0.642431 1.918170
176 -2.077920 -4.617880 1.064430
162 4.952260 -1.397340 -2.264780
179 7.676250 -2.398730 -6.916240
165 5.823610 -0.877577 -0.999789
180 1.319940 -3.449210 -4.551590
166 6.077320 0.023305 -6.426250
183 1.527030 -1.398560 -4.303480
161 4.900180 -6.070640 2.746070
184 -0.570636 -3.858810 -0.936974
186 1.565420 -1.426560 -5.148320
189 -0.372462 2.225700 -4.554540
188 -0.465655 12.121600 1.233270
190 -1.666310 0.330250 -6.412930
185 0.406388 -1.451060 -5.273100
192 -5.969190 1.690260 -1.165350
187 -4.282320 6.162390 -5.724460
178 7.164990 -2.903410 -2.033850
181 7.699110 7.379160 -0.883288
191 5.464810 1.352330 1.498590
182 -8.032180 6.568800 0.053520
177 -1.102710 -1.130610 -0.519056
195 -8.719840 1.426240 -1.604830
202 -2.646800 -2.926730 9.826810
205 2.651030 8.774830 0.167905
196 7.079150 5.219100 3.765240
199 -6.219920 -3.286750 -0.888122
206 3.694310 -5.608570 5.509050
200 -4.737960 -1.382170 3.391740
201 -1.999530 -13.045000 -1.664770
224 5.758040 -0.221531 6.194790
227 0.310581 -2.795300 -0.156376
210 -0.575157 -9.574100 3.062670
228 -4.913690 7.353740 3.362340
231 -3.586710 -4.346920 7.012860
214 9.291510 0.608084 2.805280
209 3.631900 1.152800 6.330540
232 7.272400 -1.049880 0.224010
235 0.320434 4.492040 2.969670
234 5.064340 -0.053893 -5.020240
237 -5.457280 4.396870 -4.502980
236 0.896532 9.254280 0.700562
239 -0.640675 -2.274570 -5.349030
238 1.344030 -0.262422 1.000480
240 -3.016940 -4.365710 -3.398130
233 -0.221606 0.364922 1.604690
226 -4.742570 -0.866525 0.099625
243 -4.370960 2.372710 -3.927140
229 2.331700 3.218480 -2.285230
244 -0.544973 2.572760 4.684750
230 -9.060750 -13.507300 -8.580620
247 0.577006 -8.247780 -8.501110
225 -9.284490 1.558440 -3.024020
248 -7.513500 -0.768717 4.674640
250 -2.073320 -1.788750 -0.885093
251 -0.367401 2.706020 -4.227650
253 3.319010 4.301670 6.206460
252 1.685310 -0.028119 -2.800220
254 7.312630 1.574180 -3.577140
255 1.667950 -4.380830 5.030200
249 -6.763230 -0.191247 6.504000
256 4.556220 4.468700 -7.212680
194 -4.548480 -3.141430 -1.149160
203 -2.992660 -1.925710 -0.667883
204 -7.260170 -4.815690 11.018300
197 -5.382590 -2.034360 -0.290567
198 -2.118760 -0.528877 -1.704160
207 7.453250 2.107090 -6.922980
193 0.753180 1.853600 -8.844100
208 -5.851420 -6.307510 0.484518
211 1.236510 -5.108130 -2.819590
218 0.597758 7.984930 5.201160
212 -1.862620 2.090490 4.418120
221 8.012130 4.751470 4.516250
215 5.796270 5.126310 3.698230
222 -1.837110 4.599620 10.132800
216 -6.237130 1.905280 0.548379
217 12.429800 -1.578280 0.392677
219 2.747050 0.709816 -4.538810
220 3.844720 1.343960 -9.227490
223 -4.087160 -4.095260 -4.053320
213 -7.943450 -1.404020 -1.126930
242 -4.405090 0.550174 -3.436940
245 1.564620 -4.780610 1.894750
246 -0.979018 -1.886940 4.650250
241 -6.661550 7.917790 5.183240
259 3.773310 -1.061300 2.152590
266 -1.095670 -2.572390 -1.245870
260 -5.597560 -1.767850 6.371450
269 -3.881550 5.889650 -5.890400
263 -1.734090 0.764512 -5.004380
270 -0.121517 -1.442090 0.184225
264 0.133198 -5.357420 0.429892
265 -4.468090 1.770020 -5.586470
258 -2.016410 -4.669660 5.389110
267 1.763180 9.531630 -4.353810
261 -10.885500 -1.176000 -0.350290
268 5.822160 0.793358 0.707449
262 -1.694770 5.848410 -0.327766
271 5.988420 -3.285520 1.898510
257 1.754110 6.911500 -8.538690
272 -0.628515 3.975960 -4.710330
275 -4.432920 -4.453830 -0.573112
282 -5.640860 0.047677 -1.762590
276 -1.595530 1.204640 3.319560
285 -1.525230 -0.081686 3.327140
279 -3.813760 -5.255510 6.850390
286 0.288711 0.679408 4.882650
280 0.453539 5.081660 7.004240
281 7.018260 1.820630 -2.192330
283 -1.938110 0.472714 -1.677160
274 -0.072060 1.682430 0.357895
284 1.906600 -7.596660 0.556208
287 3.820210 -1.781660 2.071410
288 -6.854670 -2.526220 2.006470
273 3.134980 2.109910 15.029700
291 -0.910010 1.973500 -0.523369
277 -0.247487 0.736880 -1.885250
292 -2.774940 1.880260 -2.032910
278 -0.544316 3.723570 -3.483730
295 -4.580430 -9.870470 -1.824560
296 -6.719460 -2.894830 6.841010
299 -1.497010 -2.456670 3.768040
298 4.601480 2.711070 -3.236090
300 7.610400 -1.723000 -7.768260
301 -1.617060 -6.165910 4.663430
303 -3.351520 3.339520 -4.453930
302 4.991800 12.944500 1.842280
297 -0.372052 2.882850 -5.651530
304 11.242600 -0.349322 6.447030
290 -0.818337 -3.186140 -4.562680
307 3.647380 5.949800 -0.788218
293 -0.837436 -2.728710 -0.634365
308 -3.578400 -2.807660 -2.922350
294 2.965310 -4.910580 -3.355160
311 -1.188340 -3.526800 2.255850
289 1.369770 -1.223780 11.515600
312 -1.754170 3.136750 -1.997920
315 -3.586330 7.728570 -6.042840
314 -1.443570 -6.328260 -5.160740
316 -5.809680 -7.883440 -5.900180
317 2.316110 2.803920 7.825430
318 -7.546310 4.415920 -2.098150
319 -3.757600 -8.520940 -2.564530
313 0.237569 2.132540 -0.784570
320 3.819640 -2.485870 1.792830
306 6.721170 2.250890 -4.501220
309 0.900375 1.557330 1.893950
310 -0.580816 6.742240 -6.338450
305 -2.978050 -2.929750 -2.602220
328 -4.050380 -0.379010 -0.264994
323 -7.169900 2.901110 4.610210
330 -7.956120 2.110850 5.505890
324 -11.927600 5.782600 4.515040
333 -2.079660 -7.922260 12.218200
327 3.696380 -0.020126 -3.917120
334 -0.651664 -0.808574 1.948310
329 -1.049400 2.045060 7.850900
322 -8.339040 -0.781678 -8.342740
331 3.564070 4.923630 0.405767
325 1.908760 0.774362 7.217150
332 6.267360 -1.763150 -3.766770
326 4.929500 -1.090010 -8.402450
335 -5.922360 -2.113220 4.453730
321 3.791670 -0.943729 -7.377080
336 -0.652237 -3.538220 -4.924970
339 -2.871410 0.804484 2.422730
346 1.288300 8.555610 1.179630
340 3.061540 1.555720 -6.764910
349 0.077392 3.757950 1.954300
343 2.868080 3.127100 -2.902260
350 2.748220 2.896680 2.509090
344 -6.700040 0.462853 -3.119940
345 10.195900 -1.561750 -2.127980
347 11.664900 -0.499356 -1.790990
338 6.803950 -0.577271 3.382040
348 7.341110 -5.171190 1.094920
341 1.052380 5.344920 1.180670
351 2.343820 1.419560 -4.255320
342 3.361130 5.626910 1.627450
352 0.509910 -0.044892 0.035701
337 3.263060 1.159920 -4.352360
379 6.647880 -4.390940 -0.727003
380 0.906433 -0.830292 -12.022500
383 1.528990 1.481510 -1.134900
384 2.490490 -1.975790 2.073810
370 1.528660 -0.816945 8.648410
387 0.695877 3.221510 1.312940
373 1.955040 9.624040 1.267760
388 2.871440 -2.975330 -2.287500
374 -0.270853 2.250670 2.273670
391 -5.003180 1.784520 7.025700
369 7.578730 0.301678 -4.534840
392 -6.568620 -3.471420 2.739170
394 -1.192450 -2.864950 1.669670
397 1.837040 -5.390230 -10.560400
398 4.181080 0.168069 -0.698583
393 -1.689830 8.109880 2.963120
395 -2.758640 1.901350 1.264000
386 -3.059090 -2.596050 -4.335320
389 3.035310 3.399070 -4.842400
396 0.397629 4.894800 1.522190
390 -2.067970 1.564760 11.125900
399 -2.180220 5.739020 -0.860440
385 3.695040 -5.297530 3.057810
400 1.690800 1.944340 -9.601940
355 11.796100 0.652332 -0.293617
356 -2.150430 -5.604290 -4.501850
359 2.022090 -3.943610 -1.101970
360 0.758914 -1.585700 3.710480
363 3.820090 -3.019660 0.468941
362 -2.071740 -5.344030 2.002080
365 -2.547920 3.627410 0.940023
364 1.284650 8.873130 -13.226900
366 -0.272025 5.431480 -2.855900
367 3.751380 7.097650 -9.099990
361 1.541260 -4.774310 0.820704
368 6.021900 3.424960 -4.174350
354 8.515120 -9.262890 0.890427
371 -5.500870 3.716980 0.327355
357 5.811070 -3.445860 7.347870
372 11.820500 -3.981130 -9.146510
358 -2.006730 1.652840 -9.145840
375 8.018210 4.403370 4.408890
353 -0.060562 6.304620 -2.727630
376 -3.283070 2.698490 0.579726
378 10.852500 1.158190 -6.892530
381 8.207390 4.264860 11.198500
382 -2.055980 -2.917510 1.878970
377 1.274970 5.785680 -4.175940
403 12.110400 -3.821100 -9.135190
410 2.048290 -1.953310 1.542360
404 -5.678300 -0.866249 1.012550
413 4.563330 1.371330 -2.595950
407 -0.860925 4.473450 -0.840653
414 -7.827680 -0.972472 3.670890
408 5.830560 -2.871390 -7.271720
409 -3.193910 8.747830 -0.535888
411 6.103140 2.339070 1.392190
402 -3.207100 -1.041980 5.845470
412 0.962622 2.854880 -5.063460
405 -2.138410 3.084040 -5.079870
415 4.737180 -6.907140 4.668220
406 -3.289070 -4.300380 4.333290
416 -3.144890 9.261150 -2.506240
401 -3.022430 1.364980 -8.630430
419 -0.047680 6.211010 0.605849
420 -3.516990 -7.325250 -6.059460
423 -1.421730 -0.699730 1.170380
424 -0.049679 -1.193010 5.129410
426 3.864650 -3.607070 -5.273130
427 -8.327200 -0.097387 6.421270
429 3.633070 2.694870 -5.331790
428 -2.852980 -2.018100 2.460230
430 1.809790 -1.562680 -7.998160
431 -1.824400 7.360050 -1.260580
425 5.011570 -4.396090 -5.155450
432 1.870100 2.527060 2.107300
418 6.971250 4.660140 6.917190
435 3.118710 0.910200 1.923820
421 -0.066978 -2.040260 9.703950
436 1.418620 3.981360 2.863040
439 -1.765800 3.843960 1.382370
422 -4.700440 0.683807 -1.142010
417 2.636450 -8.030020 -4.364870
440 -3.438260 1.400080 -5.499150
442 -7.971680 -0.238869 3.239660
443 -3.071270 -7.680580 -5.032220
445 -5.088060 5.097850 -3.115450
444 3.363550 7.239830 1.430280
446 0.470910 -9.706370 -1.320330
447 5.946040 -3.785190 -2.395560
441 2.566150 1.631360 4.490070
448 -5.870070 1.936010 5.000940
434 -11.565500 -1.504170 2.974740
451 -0.280926 0.665087 7.121660
437 -4.132670 -7.428810 9.177980
452 -5.480430 2.584040 -8.725290
438 11.132700 0.241081 -3.238670
455 -2.667140 1.287420 -3.676170
433 4.474610 0.454986 2.966520
456 -3.804060 -5.900910 11.288600
458 -3.941120 1.226240 2.127970
461 -4.463060 2.742790 -6.182220
462 -3.173870 -0.115276 -7.801870
457 -2.751310 1.256420 -0.753631
450 4.379010 0.696883 -8.176350
459 -2.013210 -2.086400 -1.996580
453 3.253990 -6.047440 -0.039356
460 -1.750340 -0.939424 -1.726010
454 4.872350 7.629760 -2.254320
463 -1.755110 -1.726350 -0.008355
464 -3.295640 3.455180 -4.354880
449 4.138610 5.057840 -3.093240
467 -6.177940 -7.618630 -2.027120
474 10.848000 10.330300 2.322220
468 2.285990 -7.234310 -0.253164
477 -7.872570 -4.539740 1.878140
471 5.223510 5.720380 -6.855950
478 0.058147 3.713830 -3.182430
472 -3.036970 6.415980 0.841737
473 -0.507636 6.520180 -2.931480
475 -1.349600 -6.308480 -3.043460
466 0.864381 0.007410 0.841715
476 0.839236 -2.171480 -1.385310
469 4.455140 -1.259120 -6.984890
479 3.927540 0.134981 -2.528530
470 -3.450930 -14.467900 -3.717590
480 -0.389859 -6.451790 4.608690
465 3.446080 -6.111150 6.502280
483 -3.006980 10.142900 8.707750
484 8.015650 -1.637110 2.509910
487 5.272270 6.628500 8.540740
488 10.334700 -0.396000 1.918140
490 5.272250 5.888960 3.484510
491 0.881847 -6.833970 -6.134260
493 -3.578580 -1.010380 2.421100
492 -2.195500 3.358310 1.618340
494 6.926070 4.207020 -5.526040
495 4.979580 2.866470 0.396843
482 -0.348145 5.268230 5.173080
499 5.075050 10.895000 0.418370
500 -2.285410 -1.591730 -4.702560
485 -1.659960 9.927460 2.327120
503 -2.746620 0.414186 -4.462400
486 -0.370781 -1.914090 -2.068260
481 2.877690 -0.142584 -2.447150
489 -5.685490 4.494440 5.042620
496 -1.037170 -1.387270 -5.551600
504 -5.865550 -0.835137 1.310260
509 1.590620 0.396889 -2.736690
506 -13.460200 2.191530 -0.214697
507 -7.680260 4.562660 -1.179130
508 -8.491480 3.457160 3.324320
510 -4.272470 -0.429875 -2.210570
511 2.798910 -1.382740 11.304900
505 -3.721250 2.987940 -2.465500
512 0.618960 -2.858720 -0.047125
498 5.921880 0.456303 -3.434810
515 -1.868370 -4.924890 -1.719340
501 0.322017 -5.467350 7.297250
516 -1.375830 4.739890 -4.765340
502 -5.226980 4.388990 -1.066070
519 0.004673 -3.253280 -5.880460
497 4.001830 4.312820 -5.911310
520 -6.954540 -7.879140 -7.740340
522 5.718800 -4.325710 -3.609190
525 -8.816220 2.169310 5.493690
526 -1.670550 2.089520 -8.398790
521 -4.205480 0.759390 -0.713010
523 -3.130170 -6.523260 -7.702850
514 -10.504300 -0.900435 3.035480
524 4.772480 4.385280 1.872170
517 -4.351670 -1.338590 -6.088240
527 1.366050 -0.627049 7.980390
518 -5.534850 4.909850 -5.882350
528 0.300073 0.010506 -3.108220
513 -2.504380 -2.656110 -8.209950
531 11.585400 10.827500 -7.463390
538 -2.045730 3.125740 7.998820
532 -0.010642 -3.723760 -8.712280
541 -3.839880 -1.812240 -5.108660
535 -3.434180 3.371970 -5.331370
542 -0.758668 -4.805920 0.600611
536 3.824120 7.419170 -0.274427
537 -5.851910 5.283080 5.197610
530 5.527030 -0.171279 2.618270
539 -4.268220 3.394540 -8.560710
533 -4.668390 5.514100 -1.979570
540 -8.477600 4.745930 -0.656048
534 -0.043593 -1.644700 3.664930
543 6.694740 -0.696698 4.873540
529 0.864848 -3.036200 -6.698560
544 -1.989940 0.929129 -4.358170
547 -1.409660 6.350920 -1.185760
548 3.608550 -6.109040 -3.514750
551 -5.851740 6.052970 -2.999170
552 1.008170 6.959140 -4.935060
554 -4.112400 4.313460 -0.220224
555 -5.436250 1.816740 0.793937
556 8.698430 1.651980 2.657890
557 3.185350 0.107483 -2.989700
559 -0.966096 -5.327120 16.393600
558 -3.520570 -2.483300 -1.237640
560 7.774990 -5.578480 0.080727
553 1.479930 -2.707600 2.687890
546 -3.588060 -4.817310 1.298760
563 2.053160 4.527780 -0.877703
549 -1.604000 0.107782 -7.711740
564 1.082010 2.033080 3.572400
550 1.445920 3.875090 -2.309670
567 -5.502990 1.084900 4.911680
545 -7.125090 -2.955880 1.295470
568 -4.731050 2.983640 -2.541630
571 0.885359 0.637975 2.155450
570 -7.695230 -10.002300 -2.080430
572 -6.753270 -3.564790 -1.890860
573 3.181960 3.064720 -3.033930
574 4.802200 -5.244760 -1.445060
575 3.706250 5.798190 1.725680
576 1.282030 1.700050 -1.570960
569 1.245620 -4.745750 -3.132050
579 0.930616 1.501480 1.537440
562 3.070750 1.079090 2.524960
580 2.626380 7.880040 -3.739820
565 -1.609870 2.879630 3.515770
583 -0.125137 3.003010 -4.320430
566 5.826220 2.584960 1.485450
584 6.441260 2.561930 4.248000
561 -5.918110 2.366240 -5.672030
586 3.518730 1.914620 1.560100
589 -9.707620 -3.100390 5.502550
590 -6.672880 -2.191710 -6.256980
585 -5.515180 4.156520 0.883392
587 4.814490 4.982470 1.812030
592 1.926700 6.617680 1.385760
578 1.623900 1.017460 1.901030
588 -4.203350 -2.112140 0.820851
581 -0.852778 -3.488180 -6.479280
591 -6.830080 5.926450 -3.582650
582 11.645100 -7.391170 9.329780
577 -7.203430 -2.224490 -1.633900
595 -6.654150 -1.714530 -4.454580
602 0.857102 1.431020 -0.221656
596 1.148270 7.006790 0.556124
605 -5.078860 0.603925 -3.779840
599 -3.207430 6.036780 -2.278440
606 4.124320 -11.721500 0.294085
601 0.820715 2.272290 -5.523510
600 2.156580 -5.866490 8.161870
594 -6.475060 -4.078640 11.733700
603 -0.095667 -3.274460 6.688290
597 2.444450 1.422480 10.893200
604 0.710610 -2.465610 9.706050
598 0.742813 -1.414920 4.671520
607 1.090780 -0.587050 -5.909550
593 -3.563830 -4.856630 3.950820
608 -7.951260 1.657070 3.176680
611 7.670890 3.504880 -0.675425
618 2.379370 -2.360390 1.791290
612 -0.907194 -4.990320 2.503330
621 0.851550 -2.997760 3.415880
615 3.310430 -9.109780 -7.353060
622 0.375565 -2.525950 5.226970
616 -2.783400 4.846860 0.898006
617 -4.578150 3.578580 8.142040
619 1.129450 -4.865390 -4.606050
620 -5.478930 -0.702061 -5.958370
623 0.710594 2.878730 9.545100
624 1.182680 -1.402990 6.780790
610 0.963422 3.255650 -9.993430
627 7.446310 4.055410 -4.839760
613 -3.088260 -1.400090 0.479758
628 0.660890 1.693460 7.571230
614 2.271100 -1.606690 -5.319490
631 6.569190 0.509152 1.340680
609 -0.879522 -0.583783 -3.596170
632 0.881615 -1.747140 2.227960
635 0.278067 -0.454789 -2.368600
634 0.060664 -1.503220 1.003850
636 -5.816200 1.125250 -6.200190
637 -1.587920 -0.159054 -4.224330
639 -5.251610 4.647670 -0.445598
638 2.696210 -0.433339 4.524310
633 1.398710 -3.444610 8.277380
640 -4.550210 2.045900 3.300760
643 8.172680 -4.760990 6.121910
626 -3.495320 5.564410 -3.263020
629 0.182921 5.940930 -4.767860
644 2.861140 -8.034630 -2.713900
630 2.915180 -0.283292 3.654540
647 1.079070 -0.491900 -8.612590
648 -7.719190 0.792651 0.484196
625 -1.011660 -2.139540 2.060740
650 3.123870 5.948010 2.205870
653 10.779200 -6.207320 3.456340
654 -3.180720 -0.583319 2.658670
649 -2.063110 -4.941960 -0.587250
642 1.479990 -5.042010 -4.054540
651 5.098650 -7.367910 7.557710
645 4.360070 -1.129740 -3.607870
652 5.514100 -2.874460 5.571030
646 1.592950 -1.408610 -0.040717
655 11.482600 -2.165080 4.553680
641 5.560260 -6.371300 4.003180
656 -1.060490 2.604860 -4.176160
659 -0.696859 8.826220 -2.974950
666 -3.063020 1.784520 -2.622680
660 -2.151120 -3.640600 1.159960
669 5.923790 2.909740 0.754216
663 7.331230 -2.940970 -0.936105
670 5.974660 10.387100 -5.196710
664 6.602560 -4.342670 -0.629381
665 -7.431600 -5.731220 7.359300
658 1.437170 -2.943650 4.618800
667 -0.314109 -4.565190 -4.525030
661 -1.472840 0.079801 -4.302820
668 6.117680 1.275270 -4.260090
662 -1.525480 3.418790 -0.574395
671 6.474330 1.510900 -10.375800
657 -1.488650 0.636747 0.283085
672 -0.084508 -16.372000 4.538640
675 0.967440 -2.692670 -4.002340
676 -8.785650 5.664050 -4.129900
685 0.522384 -3.898320 -4.112540
679 -6.165050 2.948440 2.070480
686 0.457976 5.937370 -3.856700
680 -3.144720 0.668633 -4.064900
682 -1.225980 1.409870 -5.877500
683 -2.791010 5.328880 -3.964520
684 -0.929824 -7.409300 3.886760
687 0.924238 -4.677570 2.842410
681 -7.918730 1.164230 0.573158
688 -7.130690 2.220300 -7.968110
674 -12.758100 -2.325200 1.081320
691 5.973950 -1.524440 -2.401870
677 -6.751520 3.215560 4.786150
692 -4.757560 -3.973580 -3.022910
678 -1.346430 -1.951300 3.402810
695 -3.056360 -2.415950 0.378411
673 3.415420 -2.276120 2.782710
696 -0.808537 -3.689100 1.891140
698 -2.623540 5.992880 5.151300
699 -8.323910 -0.288185 3.606860
701 -6.594050 -2.068000 3.125720
700 -2.440140 -0.360241 -3.876280
703 -2.082020 -6.780460 -5.813930
702 -0.199692 -0.776001 4.117720
704 -3.588240 6.586440 -2.620860
697 3.077400 10.791000 6.439990
715 -1.959010 5.920730 4.143890
717 0.057925 0.554330 6.298090
718 0.309382 -2.744820 1.228030
706 -1.002370 -1.930770 4.567190
716 0.277020 0.315515 -1.662340
709 2.278430 -2.443540 2.217840
719 -2.160420 -4.433940 -1.576900
710 0.012054 0.038693 -1.661240
720 -2.044660 -3.230800 3.538630
705 7.248920 3.339960 -1.015440
723 4.227050 -1.086470 5.218490
730 -6.780490 2.802760 3.574670
724 0.381739 -0.465612 -4.111870
733 -6.513600 -2.586810 -3.459760
727 2.600530 -4.503430 -0.837047
734 0.269820 2.532210 -0.619500
728 -6.978160 3.911010 2.845120
729 -5.778270 -8.823890 8.996670
722 -2.293970 4.242830 2.806520
731 1.913850 0.303325 8.487600
725 3.446970 6.164360 -1.814810
732 0.958960 -1.891040 -2.048640
726 4.847480 -1.488310 10.293200
735 6.880500 2.096280 4.830100
721 5.466520 7.168300 0.958962
736 -1.725310 6.274590 2.397580
739 7.117350 -4.021790 -2.537530
746 2.440550 -3.776140 2.391270
740 4.428180 -1.772500 5.432160
749 1.530720 7.670730 -2.961490
743 0.070796 -0.053204 -3.094920
750 14.495300 0.030768 1.725430
744 6.733350 9.679810 0.092672
745 6.188290 3.315840 1.148980
747 -3.820150 -6.092020 0.193811
748 -0.292445 -4.578410 6.906420
751 0.324073 13.716400 0.068103
752 9.714450 1.164420 0.457122
690 0.732787 1.976520 -0.080904
707 -4.026290 1.835690 0.012559
693 -0.646086 -0.555365 0.785176
708 -1.612350 2.093930 1.057920
694 1.619000 3.919580 -0.915130
711 -3.428560 4.881160 1.453050
712 0.885032 0.110297 7.040910
689 7.554990 2.279490 -0.482819
714 -4.382250 -9.254520 1.876680
713 -1.050800 1.568790 8.413960
755 5.347540 1.151810 -5.493030
738 -4.037520 -0.227845 7.075380
756 3.180860 -0.546244 -0.551952
741 -4.600210 -3.412900 6.769930
759 -3.957120 -0.542646 0.112305
742 5.477990 -6.323110 4.765580
760 1.733440 -1.495470 -3.663790
737 2.638230 6.564230 5.154770
762 3.835220 -2.012790 2.686560
763 4.565150 -5.228160 -5.779620
765 6.175000 1.599790 3.594630
764 3.936260 -3.087870 9.740930
766 -4.719660 -4.954160 -3.451670
767 0.885261 5.023960 -5.777060
761 -0.994908 -2.606160 8.500970
768 4.648980 7.559180 -7.451760
771 4.567430 -3.917910 3.892040
754 1.100240 5.350370 -2.334760
772 -1.544410 -0.736291 9.520170
757 9.703570 1.180370 3.829350
775 2.295490 5.699940 -1.583570
758 5.328020 1.281880 2.374890
776 -1.982700 -0.910107 -8.387980
753 4.299950 4.162090 -2.602570
778 -3.440970 5.481000 -0.225942
779 -0.271687 -1.362320 -0.466765
781 1.206990 -2.819940 -3.375400
780 -0.133859 2.371300 -1.203810
782 -0.890253 2.864220 0.967451
783 3.325180 -1.032750 -3.879750
777 -0.825292 2.154700 4.332900
784 -1.579080 0.326553 2.504050
770 4.155000 0.338324 -0.162201
773 5.433650 0.661121 -1.916050
774 -3.823430 1.343840 -1.169050
769 -3.677030 -5.798000 4.305880
787 2.083470 -6.725030 7.325170
794 -1.674750 -7.749910 -0.610853
788 7.373310 -4.223560 -1.822960
797 -3.254280 1.737950 13.956500
791 1.429240 -3.055490 5.175050
798 -8.116440 0.727298 -2.832950
792 -4.701290 0.345014 4.869160
793 5.224880 1.421220 -2.101470
786 -0.325921 -4.214900 3.148430
795 -1.531840 4.656460 11.764300
789 -1.466010 -2.503660 -7.326000
796 -4.083900 -4.268800 -2.106570
790 -0.226073 1.108100 2.851250
799 6.066990 2.366080 4.636190
785 0.519333 0.146528 1.130510
800 3.727700 -0.885958 0.831267
