9107
9356
7405
2600
6365
1523
2083
7208
4446
2508
7973
7381
2425
8387
1669
4379
8364
1026
294
7670
212
2822
5172
7362
2959
8875
1146
3542
6410
254
8052
9126
5306
3941
7184
7352
276
3462
3144
8473
5784
3223
9541
2286
7205
5532
9156
9581
8006
3464
357
6866
473
9098
2774
8543
3739
4746
9242
3420
694
7849
8977
8087
4644
4847
572
1255
386
2142
1547
4397
1712
4915
4345
3589
6828
8538
7730
1345
5840
3378
4255
1644
8616
6643
9119
9264
2016
7796
2617
3608
1399
4332
1169
5238
1951
4445
1519
2226
1757
7769
1422
6401
1679
1938
1331
326
105
2143
5834
869
6962
4362
6143
4074
4417
7352
8489
3318
5148
5203
8942
4697
6967
4907
469
8261
3367
2804
8826
6824
1436
5473
4116
189
8072
7874
1050
7052
7442
1867
3539
3415
7422
1938
8282
6444
935
440
9512
4092
347
5198
3671
4952
207
33
6875
8125
584
3449
7244
595
9383
7224
6560
5615
8881
3319
422
2179
2940
1166
3732
6155
1975
7872
743
8665
2442
2137
3763
330
215
5462
4213
6570
2903
6816
4452
8209
413
3157
1525
2666
3935
35
4831
8635
3433
9575
1223
9433
6275
2610
5970
446
1981
1466
5567
8501
4081
2208
2298
2669
8864
3834
3007
2657
8732
9367
266
7309
1314
1824
7417
5563
4895
4009
3601
3505
5414
7075
134
500
6882
776
3788
2418
6348
5276
2789
8047
626
4541
8372
3107
4898
3002
3222
6761
4928
2916
1523
3606
5010
7759
146
9403
3432
7010
5138
7879
524
4442
1955
3383
6155
6114
1811
5436
4061
6438
2502
6101
6878
2377
6475
5459
6971
2460
5123
5348
9233
8057
2743
6457
8969
6691
5365
6875
4315
5280
4784
2840
5352
9242
2858
559
780
9379
7205
3620
6157
7915
5958
3547
171
5976
8297
78
4817
298
7987
764
4550
1464
7013
548
1151
2292
6386
6749
4627
80
1718
3325
6458
5178
9090
5767
8720
6038
1625
1081
7592
5179
1868
737
190
4592
4751
5796
4196
3158
4153
3342
1484
2083
5479
1115
7520
3175
1700
7424
5915
1668
8183
8682
6518
2058
6446
3152
6191
7757
851
6738
443
3071
6055
5010
6709
4848
9198
8051
949
1817
9029
4183
2160
881
1718
8690
1603
8372
1457
4975
2251
7321
1153
2897
4434
2525
1045
1531
5310
3570
8384
990
4490
1705
8171
5339
2312
3954
8279
4398
8424
5250
1631
7850
3029
2370
4998
3091
2683
541
5480
213
308
8390
4398
3421
500
3079
5215
590
5939
8029
2738
7146
3144
676
1855
1295
4614
8287
3114
6451
8984
1472
1981
1724
7478
774
180
5564
380
1092
7591
4892
5390
7730
6763
4759
6422
8000
6641
8960
8819
6361
3974
2969
9374
231
1088
9445
6755
4832
4836
3438
3023
793
7571
1801
4435
7610
8280
5516
4463
7448
9169
2652
1285
5413
8060
6714
5634
4883
8339
6278
1541
27
3650
1716
4727
7787
8905
2249
8538
6017
4253
2346
113
3026
5630
4710
8629
474
9167
9089
630
395
5753
7052
6821
2443
5479
2287
488
657
7607
3847
3445
5858
2425
9168
5060
6835
3835
8897
8412
2131
78
5126
4278
4832
8826
8155
8190
3643
5276
5519
581
8304
8472
8395
8082
3085
1487
4255
8762
4781
4146
3833
515
2208
577
1818
6224
4313
5006
5294
639
4655
5594
7603
4891
3870
8012
4112
7082
5726
8874
6005
4805
7590
5987
9346
24
2189
4044
7055
6150
8231
5299
1355
4268
3119
4964
6047
5762
4836
854
9415
8924
4476
3732
1837
5018
3787
3533
3385
4655
7883
6918
6606
5892
8671
8669
4169
9329
5435
2765
9095
2995
7955
8795
2959
7350
371
6504
9167
3630
6649
2562
1794
3510
4020
8207
2544
162
1697
6119
2807
9115
469
7847
7319
5303
8627
5132
1229
2465
8580
6589
8369
422
5264
3683
8149
2610
5591
7367
7656
1807
9328
4777
338
8993
861
8934
6486
4386
2874
1692
6127
2477
1657
9320
2813
252
3113
1956
59
2646
1196
6366
5591
1974
8833
4730
3368
9025
7111
4907
3842
3276
1615
8807
1818
6637
8778
3774
6593
1718
4207
64
1890
32
1896
2141
8273
1547
8045
2510
261
125
5616
8288
2924
7043
3546
1265
4218
7650
4993
7769
1723
3078
6187
6271
9503
7993
9138
5513
3941
8468
2687
3851
1825
564
9397
1615
9205
3444
5983
1394
4674
8120
6354
9276
2682
5869
8054
5552
2436
1231
4033
2573
6408
4687
9353
4657
172
3539
7658
5869
1271
6461
96
2473
7805
9032
7302
5192
9526
2502
4614
4799
6068
8892
325
2225
1357
4181
1657
6488
4141
3217
5291
1322
2558
6733
2801
7224
8862
123
4194
965
3407
1224
721
5455
5018
6518
5485
2083
2082
7729
8666
8436
225
366
749
8365
6188
9523
874
7872
4382
9314
4663
4349
5790
996
7914
5978
8298
2790
7712
3955
1895
8279
918
4652
753
1478
4231
5588
4385
1565
7015
8762
5849
4591
3224
8215
8342
4277
3732
1488
666
5408
1127
8126
6661
6283
4993
4248
1220
3798
7525
1784
9356
6517
7922
431
2520
3044
2785
5725
3462
36
6638
7453
7177
6942
5004
4817
3324
8874
3020
3378
3413
2545
398
4069
9313
4849
6146
2174
9502
5754
1806
2160
9373
1201
5352
9185
4920
6746
9053
8969
7673
2832
8486
6343
7759
1963
3000
1080
2070
2618
1226
6146
7088
2407
8513
2429
2192
7566
5538
4559
335
2659
8689
767
3091
6350
4296
3828
6774
2959
9583
8334
5624
9116
2264
8954
2789
5034
3696
1184
8369
3335
8527
4207
279
1387
825
8028
4331
9350
710
6691
8568
8383
2461
962
1111
4184
8592
5264
2753
7165
5941
7266
8912
1928
8814
4560
7764
185
2798
6613
965
6137
9503
7433
7914
847
2443
298
1141
4110
3530
2516
8762
9544
2472
4616
545
360
7433
2396
2201
6690
8161
7832
4652
8336
6956
6331
4639
5483
3091
4070
2870
6427
7543
5988
1484
6403
1847
1421
2792
5143
6354
9086
2027
6637
9054
8125
802
2209
3176
5630
7867
404
3084
6005
4406
8610
4254
5754
4598
1387
7032
7292
7836
3719
5622
1424
3317
3218
7423
4627
5603
6666
5786
189
128
6581
7225
9517
1772
762
5431
857
3872
8004
4376
3607
4457
5573
3762
78
4561
1243
3013
4829
5873
6768
7201
8173
279
7433
4457
3631
635
5761
7207
4284
422
2904
1104
1560
6031
3785
5994
8503
1850
3416
1667
7757
7302
9391
2815
676
6104
1345
803
3095
8640
4652
8179
272
1106
8879
4831
8334
3997
5834
4332
9001
3119
7771
9145
5537
2885
7050
6967
2126
5630
9131
6277
3463
4202
9138
8779
5540
3221
7421
4686
411
4956
9311
7333
9406
4405
8839
5978
2214
4529
1133
100
2024
2747
2021
689
8238
7580
573
5640
3655
4770
2310
8670
8574
8882
4259
572
4562
2195
3917
9078
6488
5453
2431
8264
2474
4904
5654
2264
4043
1351
2743
6378
6254
5363
5129
5184
4172
3809
9398
1316
1064
7140
2647
6570
9491
4015
9289
5507
159
3659
4163
5264
8640
5449
9230
1434
2294
8417
6594
3510
9347
4277